SIMBAD_ID,mass_1,mass_68L_1,mass_68U_1,BCK,e_BCK,Teff,eTeff,logg,elogg,Meta,eMeta1,eMeta2,xi,e_xi,f_xi,S,EBV_p50,EBV_p16,EBV_p84,L,eL1,eL2,age,age_68L,age_68U,mass_2,mass_68L_2,mass_68U_2,rad,rad_68L,rad_68U,eTeff1,eTeff2,elogg1,elogg2,rho,erho1,erho2,M,eM1,eM2,R,eR1,eR2,Warning_M,Warning_R,M_ai,R_ai
CoRoT-10,0.81,0.74,0.91,1.8,0.1,4890,111,4.45,0.15,0.22,0,0.13,0.45,0.15,1,B21,0.390945487974949,0.348990477273472,0.426676615040686,0.340795547455734,0.316365685336612,0.364095434018482,11.957268,4.201271,21.44375,0.806896,0.759065,0.852505,0.814049,0.784789,0.846768,111,111,0.15,0.15,NA,NA,NA,0.84541428045413,0.0327496791100963,0.0327496791100963,0.915711105047769,0.194687369509018,0.194687369509018,NA,NA,0.798366050950464,0.805529848621624
CoRoT-2,0.96,0.83,1.06,1.45,0.1,5615,48,4.45,0.16,0.02,0.03,0.13,1.59,0.01,0,B21,0.165580016452613,0.150729369468416,0.179405457971738,0.661187033788354,0.637817940344537,0.684942031799806,2.672103,0.893679,5.650819,0.917001,0.874772,0.950788,0.866102,0.846888,0.885421,48,48,0.16,0.16,NA,NA,NA,1.02082446192478,0.0261697601509482,0.0261697601509482,0.968953422074851,0.22038284102008,0.22038284102008,NA,NA,0.909788732377014,0.903805824210591
HAT-P-12,0.72,0.63,0.79,1.99,0.11,4828,67,4.62,0.16,-0.21,0.06,0.18,0.97,0.55,0,B21,0.116594232068995,0.102351001234605,0.131470916516064,0.244139585975496,0.237905435963894,0.250912279453332,NA,NA,NA,0.690499,0.648131,0.735149,0.702313,0.68426,0.720787,67,67,0.16,0.16,NA,NA,NA,0.771130808173722,0.0273770099970923,0.0273770099970923,0.680571056885928,0.15570491997102,0.15570491997102,NA,NA,0.779696530846798,0.758594997305535
HAT-P-14,1.65,1.58,1.69,0.81,0.07,7187,82,4.29,0.08,0.46,0.04,0.19,1.85,0.92,0,B21,0.103572710024454,0.0905031591266254,0.117146134076467,5.70315077854791,5.49635059139671,5.92833770390926,0.275431,0.116606,0.555331,1.582693,1.527695,1.627498,1.559422,1.518236,1.601027,82,82,0.08,0.08,NA,NA,NA,1.66060593067517,0.0397092660887013,0.0397092660887013,1.53269230967221,0.175624391423986,0.175624391423986,1,1,1.49589922766619,1.60143146887645
HAT-P-17,0.79,0.75,0.94,1.79,0.09,5066,101,4.4,0.16,0.1,0,0.12,0.61,0.15,1,B21,0.0356544296897318,0.0208402828669508,0.0502100523442439,0.559465411930844,0.542989900530502,0.576283435728338,NA,NA,NA,0.81413,0.770672,0.866915,0.955264,0.919017,0.989709,101,101,0.16,0.16,NA,NA,NA,0.848198019985511,0.0386565802967392,0.0386565802967392,0.984352301779915,0.223993327547361,0.223993327547361,NA,NA,0.843922953975547,0.887785445370484
HAT-P-19,0.89,0.83,0.91,1.88,0.01,5090,19,4.63,0.03,0.39,0.04,0.14,1.23,0.1,0,PEPSI,0.0557607907775332,0.0487762027584019,0.0628363531119403,0.359037144315602,0.353252199587136,0.365066809319073,1.705732,0.628351,4.051772,0.846242,0.822414,0.86359,0.77447,0.766177,0.782751,19,19,0.03,0.03,NA,NA,NA,0.919620501238782,0.0228001128563871,0.0228001128563871,0.750897545765465,0.038161333073141,0.038161333073141,1,1,0.818089035544666,0.803963406298536
HAT-P-20,0.79,0.67,0.83,2.05,0.11,4786,44,4.66,0.15,0.1,0.03,0.16,1.52,0.04,0,B21,0.121184225438387,0.107292541224113,0.135843172597073,0.23418861589392,0.228459404004283,0.240205935772725,7.230273,2.404001,15.394701,0.739831,0.696784,0.770796,0.708989,0.694933,0.723172,44,44,0.15,0.15,NA,NA,NA,0.801600882807445,0.0226477060142507,0.0226477060142507,0.669120949060509,0.142408994011278,0.142408994011278,NA,1,0.776076902320717,0.764688830415415
HAT-P-23,1.23,1.08,1.27,1.26,0.09,6104,37,4.4,0.12,0.29,0.01,0.15,1.48,0.05,0,B21,0.0552947514145618,0.0464418999672233,0.0644956140680737,1.54616606922147,1.51067371004402,1.58153266695171,0.983776,0.350928,2.09785,1.16167,1.116365,1.193246,1.115087,1.097565,1.132974,37,37,0.12,0.12,NA,NA,NA,1.2488874569975,0.0240923961568832,0.0240923961568832,1.13873978870863,0.192229801509011,0.192229801509011,NA,NA,1.06804314519604,1.12538355070632
HAT-P-24,1.06,0.95,1.2,1.2,0.09,6201,8,4.14,0.16,-0.34,0.01,0.14,1.46,0.09,0,B21,0.000258940177199115,6.16809060822404e-05,0.000801746606878514,2.88759469532936,2.84639777686492,2.93086500920092,5.992933,4.618087,6.866354,1.053474,0.99964,1.133423,1.467161,1.455829,1.479017,8,8,0.16,0.16,NA,NA,NA,1.1450688060517,0.01981713385785,0.01981713385785,1.50580228068724,0.342114489706162,0.342114489706162,NA,NA,1.18692479204315,1.52039547683652
HAT-P-26,0.8,0.74,0.93,1.85,0.09,5034,61,4.47,0.16,0.13,0.03,0.12,0.47,0.38,0,B21,0.0484198757930802,0.0351362090060207,0.0615128402308825,0.473800036222305,0.461234409161964,0.486485671164935,NA,NA,NA,0.814467,0.769084,0.862903,0.898799,0.875042,0.922839,61,61,0.16,0.16,NA,NA,NA,0.843648398268965,0.0283462225983637,0.0283462225983637,0.895133998976984,0.203099638532979,0.203099638532979,NA,NA,0.826754350003847,0.835933764260192
HAT-P-27,0.88,0.81,1.03,1.81,0.1,5146,107,4.45,0.16,0.41,0,0.09,0.6,0.15,1,B21,0.00805279026127713,0.00197320068295865,0.0218991006911491,0.543674946237713,0.535749884692149,0.558101813137322,7.564486,2.733067,14.076625,0.928044,0.876908,0.97212,0.921894,0.897628,0.954439,107,107,0.16,0.16,NA,NA,NA,0.943559048019083,0.0397170439188472,0.0397170439188472,0.966825977532519,0.219884867826816,0.219884867826816,1,1,0.851082936212424,0.878894249434801
HAT-P-28,1.03,0.92,1.13,1.51,0.03,5740,55,4.38,0.07,0.13,0.02,0.15,1.33,0.05,0,LBT,0.124124922246997,0.111473110514366,0.1363012231602,1.21551766828319,1.17747302894806,1.25373165269796,5.712314,3.240496,8.342681,1.033351,0.969317,1.097425,1.109636,1.083167,1.137042,55,55,0.07,0.07,NA,NA,NA,1.08794092049318,0.0284447335720824,0.0284447335720824,1.09860775601916,0.11043205685337,0.11043205685337,NA,NA,0.969371604433038,1.0847703328722
HAT-P-30,1.23,1.11,1.33,1.22,0.08,6223,43,4.27,0.13,0.09,0.02,0.1,1.19,0.06,0,B21,0.00283530383025983,0.000765493094444255,0.0075552313128077,2.46397116659377,2.43799156568578,2.49784198014473,2.823139,2.127943,3.462681,1.216909,1.178092,1.258135,1.345152,1.324934,1.365573,43,43,0.13,0.13,NA,NA,NA,1.24643542878312,0.0224975136975249,0.0224975136975249,1.34118442467871,0.246314028937173,0.246314028937173,NA,NA,1.16016112727554,1.32556193725167
HAT-P-34,1.49,1.37,1.57,0.87,0.09,6773,113,4.19,0.11,0.29,0.05,0.2,2.58,0.09,0,B21,0.0489462052675331,0.0295464903598725,0.0676773131713432,4.45812272812823,4.23880743450171,4.69309925928915,0.822486,0.348928,1.404883,1.467899,1.395713,1.52564,1.532218,1.478004,1.591467,113,113,0.11,0.11,NA,NA,NA,1.48026089101307,0.0489337397705341,0.0489337397705341,1.63587826413492,0.254686716143868,0.254686716143868,NA,NA,1.39321866343913,1.54956458084413
HAT-P-38,0.91,0.8,1.02,1.7,0.04,5394,72,4.46,0.08,0.12,0.04,0.13,0.98,0.03,0,LBT,0.0859445918052661,0.0724167054753993,0.0997761968638801,0.722876321586808,0.701734706336068,0.745138686295627,9.021928,4.768868,13.567466,0.916505,0.859705,0.973905,0.968535,0.940885,0.997746,72,72,0.08,0.08,NA,NA,NA,0.965985252845337,0.0326123440617163,0.0326123440617163,0.945201112733656,0.107832386754633,0.107832386754633,NA,NA,0.878645421246727,0.894448100498383
HAT-P-39,1.46,1.36,1.58,1.05,0.07,6574,117,4.11,0.12,0.17,0.05,0.15,1.84,0.05,0,B21,0.0285713039594631,0.0105575028388923,0.0483824304277763,5.16985996582936,4.93047392202774,5.46688370810296,1.698969,1.264409,2.120024,1.465032,1.403214,1.522903,1.738687,1.664292,1.816625,117,117,0.12,0.12,NA,NA,NA,1.38532309968481,0.0473837037110306,0.0473837037110306,1.7541795156573,0.297655537092029,0.297655537092029,NA,NA,1.36953242092808,1.73798250252099
HAT-P-41,1.42,1.25,1.51,1.09,0.07,6435,76,4.09,0.14,0.16,0,0.18,2.37,0.08,0,B21,0.0628016529616622,0.0472111345228008,0.0791135026845773,4.46456636682567,4.29233215241774,4.65568105303429,2.095921,1.616587,2.589186,1.405823,1.336087,1.468438,1.689927,1.638223,1.743387,76,76,0.14,0.14,NA,NA,NA,1.33501957824857,0.0345880053719026,0.0345880053719026,1.77025090596952,0.350717163377408,0.350717163377408,NA,NA,1.31798866411319,1.68787174574297
HAT-P-42,1.2,1.05,1.25,1.46,0.09,5780,39,4.21,0.14,0.31,0.02,0.11,0.98,0.04,0,B21,0.00284916151400665,0.000719174839107802,0.00746187748937147,2.04901401335295,1.99960116598755,2.1013594009536,5.158636,4.516811,6.547397,1.180996,1.119227,1.215091,1.422828,1.397049,1.448979,39,39,0.14,0.14,NA,NA,NA,1.14102623126543,0.0221043669616143,0.0221043669616143,1.42281115551506,0.282209651980395,0.282209651980395,NA,NA,1.03667846591783,1.40726944213155
HAT-P-6,1.2,1.12,1.33,1.02,0.07,6554,24,4.1,0.12,-0.3,0.01,0.1,1.64,0.03,0,B21,0.00178238996301861,0.00045660955985964,0.00504186218893872,4.32700064564728,4.26156082417479,4.39541476210998,3.008326,2.70031,3.651445,1.223223,1.166393,1.266269,1.608215,1.591025,1.62535,24,24,0.12,0.12,NA,NA,NA,1.27602674377933,0.0182863559757679,0.0182863559757679,1.66419197665002,0.280659323418964,0.280659323418964,NA,NA,1.34760869241614,1.58864286634461
HAT-P-67,1.74,1.54,1.86,1.03,0.07,6686,149,3.86,0.09,0.16,0.04,0.21,2.36,0.1,0,TNG,0.0892298916755025,0.0514730848170721,0.125368577861771,13.2224086065749,12.0072753397865,14.5872085128469,1.342135,1.184042,1.558258,1.77345,1.667431,1.861667,2.678178,2.509331,2.854471,149,149,0.09,0.09,NA,NA,NA,1.42177585343362,0.0593726543099538,0.0593726543099538,2.48956440732733,0.322371220748565,0.322371220748565,NA,NA,1.60366685935204,2.48706869948395
HAT-P-8,1.27,1.12,1.34,1.18,0.08,6241,52,4.15,0.12,0.02,0.03,0.11,1.53,0.02,0,B21,0.0188609784729302,0.00856894916638254,0.0296768032402924,3.16715741954869,3.08039022207438,3.25921495365366,3.284476,2.778195,3.815082,1.246707,1.198679,1.290657,1.516,1.483218,1.54968,52,52,0.12,0.12,NA,NA,NA,1.2373841429303,0.0258897312173047,0.0258897312173047,1.56452296105433,0.263069992806246,0.263069992806246,NA,NA,1.2020286108665,1.4759184374851
HATS-1,0.99,0.87,1.12,1.43,0.08,5810,77,4.43,0.17,-0.06,0.03,0.12,0.48,0.26,0,B21,0.0129298918747821,0.00376827628939529,0.0254070045568214,1.07587119070167,1.05190118943146,1.10865721959761,5.515486,2.762409,8.561756,0.973187,0.91558,1.027906,1.019528,0.99155,1.049125,77,77,0.17,0.17,NA,NA,NA,1.07090954878339,0.0328996909239959,0.0328996909239959,1.00862580076049,0.244440293407684,0.244440293407684,NA,NA,0.973080085381041,1.02823014671747
HATS-10,1.18,1.07,1.27,1.38,0.07,6002,123,4.35,0.09,0.26,0.04,0.1,1.01,0.1,0,UVES,0.0854940326349925,0.0672714556810124,0.10480097518453,1.81608268093922,1.73213403539775,1.9104008510239,2.735565,1.204793,4.408327,1.189635,1.141275,1.231894,1.242541,1.194306,1.300121,123,123,0.09,0.09,NA,NA,NA,1.20678048389802,0.0463974285178737,0.0463974285178737,1.19899976421211,0.153545909239571,0.153545909239571,NA,NA,1.06885189284225,1.22447283765937
HATS-13,1,0.86,1.05,1.53,0.08,5558,69,4.58,0.15,0.22,0.02,0.14,0.96,0.19,0,B21,0.0652171681688365,0.0516957774105333,0.0797961096149405,0.585381832548799,0.565327483978916,0.606521286735468,1.860462,0.628216,4.324755,0.920254,0.885663,0.950853,0.854335,0.833212,0.875054,69,69,0.15,0.15,NA,NA,NA,1.04456207994368,0.0312872383555516,0.0312872383555516,0.830076828013262,0.176401845635321,0.176401845635321,NA,NA,0.894924920865059,0.888998784811257
HATS-17,1.09,1.02,1.18,1.52,0.03,5730,50,4.24,0.08,0.26,0.02,0.11,0.91,0.02,0,Ar,0.0144488683603868,0.00566500193381727,0.0256632520668656,1.61834974674166,1.58249894983156,1.66132403396668,5.953425,4.773111,7.639237,1.108526,1.057807,1.149059,1.28625,1.259169,1.313571,50,50,0.08,0.08,NA,NA,NA,1.11297031406873,0.0246363300482296,0.0246363300482296,1.34982693607096,0.153398163637105,0.153398163637105,NA,NA,1.00814213459415,1.24337692518056
HATS-2,0.9,0.8,1.01,1.8,0.09,5154,28,4.5,0.17,0.35,0.01,0.14,1.4,0.03,0,B21,0.0610716942021984,0.0511526485002631,0.0706106729031855,0.49121964758725,0.479865305250432,0.502560744873199,4.758585,1.899223,8.805106,0.924921,0.87747,0.959924,0.877714,0.865306,0.890578,28,28,0.17,0.17,NA,NA,NA,0.933086938408448,0.0212974857422591,0.0212974857422591,0.897530838296049,0.216341295108137,0.216341295108137,NA,NA,0.850489327379526,0.869102178350727
HATS-22,0.74,0.68,0.84,2.09,0.09,4736,150,4.55,0.11,0.05,0,0.15,1.09,0.15,1,Ar,0.121632234947135,0.105109201323061,0.140175690762763,0.334008354303426,0.323833971120838,0.346208428499963,NA,NA,NA,0.760747,0.722347,0.811468,0.810777,0.780706,0.838584,150,150,0.11,0.11,NA,NA,NA,0.78769891211998,0.0402900209524547,0.0402900209524547,0.767285320094205,0.119816302059,0.119816302059,1,1,0.782830113128648,0.825170972980539
HATS-24,1.1,0.97,1.22,1.29,0.07,6140,138,4.32,0.1,-0.11,0.05,0.12,0.93,0.12,0,UVES,0.0639393128781115,0.0379924721752706,0.0898900973836376,2.05017040350289,1.91953266854081,2.18625241189628,4.470227,2.614479,6.513282,1.08802,1.02579,1.147626,1.253218,1.188691,1.322107,138,138,0.1,0.1,NA,NA,NA,1.1741165446735,0.0523044972067341,0.0523044972067341,1.20774566799049,0.171046847807292,0.171046847807292,NA,NA,1.11698051180026,1.27119763619139
HATS-25,1,0.91,1.08,1.54,0.04,5692,58,4.34,0.07,0.1,0.03,0.11,0.42,0.18,0,UVES,0.0215208786935715,0.00971894131853563,0.0340144636102982,1.23301916544648,1.19549941575906,1.27466809838174,7.440287,5.258876,9.573873,1.006774,0.958416,1.056689,1.135687,1.106946,1.165138,58,58,0.07,0.07,NA,NA,NA,1.06490253626063,0.0272224226997718,0.0272224226997718,1.14748938499312,0.115434455636813,0.115434455636813,NA,NA,0.967414504117078,1.08723031565439
HATS-26,1.23,1.11,1.4,1.38,0.05,5962,97,3.92,0.11,-0.1,0.04,0.13,1.34,0.06,0,Ar,0.0163913460000406,0.00534339993037733,0.0289327924330626,4.08733122282612,3.95556352872132,4.23881028658268,5.27428,3.998993,5.884216,1.170115,1.110167,1.263022,1.868904,1.802166,1.939141,97,97,0.11,0.11,NA,NA,NA,1.11466975531018,0.039708517172463,0.039708517172463,2.03747889855348,0.3182828931353,0.3182828931353,NA,NA,1.21637305746548,1.81381893142812
HATS-27,1.46,1.35,1.57,1.05,0.06,6640,122,4.14,0.11,0.15,0.05,0.12,1.68,0.07,0,Ar,0.0608148027794423,0.0363765256854183,0.0888507085883595,4.71550848374096,4.40642528749216,5.10767465852906,1.487222,0.985893,1.948817,1.437008,1.384051,1.490322,1.622721,1.54148,1.709073,122,122,0.11,0.11,NA,NA,NA,1.40348553721446,0.0475414430031478,0.0475414430031478,1.69229986528374,0.263910013902309,0.263910013902309,NA,NA,1.37686708366642,1.62992420964634
HATS-29,0.99,0.89,1.09,1.59,0.05,5598,113,4.38,0.08,0.2,0.05,0.11,0.47,0.12,0,UVES,0.0511988671596349,0.0330138928536342,0.0690347138366528,1.11157823141833,1.06763817965081,1.15729012083996,7.160169,3.802102,10.542706,1.015601,0.960638,1.070806,1.11147,1.066028,1.160421,113,113,0.08,0.08,NA,NA,NA,1.05408624458407,0.0440282958388583,0.0440282958388583,1.08963093356725,0.12501128742597,0.12501128742597,NA,NA,0.945311037689354,1.05648444940881
HATS-31,1.18,1.07,1.35,1.34,0.06,6046,121,4.06,0.12,-0.02,0.05,0.14,1.26,0.07,0,Ar,0.0494554026948662,0.0303725481005178,0.0764059691241527,3.76736585003894,3.56710362358789,4.01849210860644,4.153671,3.297361,5.590907,1.231324,1.139081,1.319758,1.742495,1.662853,1.826114,121,121,0.12,0.12,NA,NA,NA,1.16136298966615,0.0479218590452094,0.0479218590452094,1.71997040846525,0.291029714802545,0.291029714802545,NA,NA,1.2120391738271,1.72262795637759
HATS-33,1.05,0.95,1.13,1.56,0.04,5666,70,4.47,0.08,0.26,0.02,0.14,0.81,0.16,0,Ar,0.00580002120721027,0.00156357656734301,0.013717105861105,1.00027529052981,0.987693037557097,1.01902384742057,3.619083,1.423741,6.502963,1.048495,0.991247,1.095599,1.038318,1.015291,1.062686,70,70,0.08,0.08,NA,NA,NA,1.09064312237878,0.0316809078617981,0.0316809078617981,0.979921965307088,0.111827667366163,0.111827667366163,NA,NA,0.943699206705816,1.00543337357707
HATS-35,1.27,1.17,1.38,1.23,0.05,6290,111,4.3,0.09,0.19,0.04,0.15,1.31,0.07,0,Ar,0.0839767047047806,0.0643865126166187,0.102741695953016,2.70690534757549,2.58177085562505,2.84211513631402,2.047177,1.032541,3.082622,1.281241,1.220902,1.33608,1.376732,1.324167,1.434674,111,111,0.09,0.09,NA,NA,NA,1.291328297726,0.0448273417189756,0.0448273417189756,1.31491846884161,0.168160105643931,0.168160105643931,NA,NA,1.18302110676779,1.40152272187068
HATS-39,1.42,1.23,1.53,1.09,0.05,6550,106,4.05,0.15,-0.08,0.01,0.12,1.6,0.08,0,Ar,0.0305712045479468,0.012788128235955,0.0490201430116328,4.49838065910086,4.07849461950213,4.97465070590462,2.329731,1.866347,2.784278,1.322802,1.265514,1.378175,1.623711,1.529626,1.724512,106,106,0.15,0.15,NA,NA,NA,1.32240184222097,0.0408892786917231,0.0408892786917231,1.83546363088098,0.390457657963109,0.390457657963109,NA,NA,1.35368368644691,1.62064056950992
HATS-40,1.49,1.31,1.56,1.11,0.06,6484,106,3.91,0.09,-0.11,0.04,0.1,1.79,0.07,0,UVES,0.0364699371796969,0.0166193938698009,0.0563949113908838,8.05507434820582,7.62816510901308,8.5550796386656,2.116809,1.912132,2.815542,1.475265,1.371943,1.530562,2.226598,2.139148,2.315384,106,106,0.09,0.09,NA,NA,NA,1.29310704060982,0.0411565640694953,0.0411565640694953,2.19301911314594,0.278852790902413,0.278852790902413,NA,NA,1.46183890557433,2.20194031704293
HATS-42,1.13,0.99,1.24,1.39,0.06,5974,113,4.28,0.11,0.11,0.04,0.15,0.96,0.07,0,Ar,0.0298142291703366,0.0138867518133898,0.0478473065107746,1.98600043832613,1.90562434980333,2.08395399286399,4.540299,2.845839,6.591004,1.136618,1.063767,1.20204,1.306895,1.251493,1.364712,113,113,0.11,0.11,NA,NA,NA,1.16450372856712,0.0453402181382295,0.0453402181382295,1.28778004789309,0.198974344959776,0.198974344959776,NA,NA,1.06323532203912,1.30784425996287
HATS-43,0.82,0.75,0.95,1.89,0.09,5064,150,4.48,0.12,0.15,0,0.13,1.09,0.15,1,Ar,0.0639087439090811,0.0479801240887653,0.0809819418131993,0.524760762261595,0.507474481224571,0.543210042798965,NA,NA,NA,0.836192,0.78255,0.899483,0.921912,0.879351,0.965364,150,150,0.12,0.12,NA,NA,NA,0.883203733980208,0.0430720279187393,0.0430720279187393,0.889096687142843,0.151066699520123,0.151066699520123,NA,NA,0.841362378731457,0.878640284638006
HATS-45,1.16,1.02,1.3,1.23,0.07,6260,145,4.3,0.11,-0.07,0.07,0.15,1.33,0.07,0,Ar,0.0246574253172353,0.00811115633687057,0.0484849689434905,2.58610241206221,2.47198618947163,2.75063973107963,3.498419,2.092895,5.123853,1.166952,1.090427,1.232241,1.356596,1.287464,1.429902,145,145,0.11,0.11,NA,NA,NA,1.22397794530575,0.0566011860100909,0.0566011860100909,1.26325911234403,0.197674467649495,0.197674467649495,NA,NA,1.17193888295541,1.33644381423073
HATS-52,0.95,0.8,1.09,1.51,0.08,5734,150,4.45,0.13,-0.09,0,0.17,1.19,0.15,1,Ar,0.0485656930270555,0.0259509729759806,0.0714500506412456,0.962954231454206,0.914697845160067,1.01464889979889,6.946795,2.697246,12.244718,0.930057,0.854374,0.999427,0.992357,0.945874,1.044987,150,150,0.13,0.13,NA,NA,NA,1.03817776927874,0.0562327053080373,0.0562327053080373,0.967586208579296,0.178545608848154,0.178545608848154,NA,NA,0.956401563208955,0.985636680740588
HATS-60,1.18,1.06,1.2,1.53,0.03,5730,52,4.24,0.06,0.43,0.02,0.14,1.02,0.06,0,UVES,0.0241303761589636,0.0102648176937422,0.0390081192561154,1.84149803583301,1.77663025862557,1.91059836107934,5.360368,4.635766,6.896818,1.165495,1.106674,1.194178,1.372198,1.336958,1.408192,52,52,0.06,0.06,NA,NA,NA,1.14999698162647,0.0271361986715117,0.0271361986715117,1.38051564945381,0.120526402715978,0.120526402715978,1,1,1.02262669106061,1.33136258142703
HATS-65,1.18,1.07,1.27,1.23,0.05,6264,104,4.3,0.08,-0.04,0.04,0.11,1.11,0.06,0,UVES,0.0448671775799115,0.0215634490077467,0.0686725846996643,2.29417175800996,2.1664947063469,2.44565820155423,3.012901,1.76243,4.286106,1.159936,1.105229,1.209741,1.276669,1.222443,1.335405,104,104,0.08,0.08,NA,NA,NA,1.23241417671649,0.0410700822107282,0.0410700822107282,1.27078924272597,0.144866875561529,0.144866875561529,NA,NA,1.16168953213142,1.28925275685386
HATS-68,1.34,1.14,1.4,1.3,0.07,6130,131,4.09,0.1,0.1,0.05,0.15,1.19,0.08,0,Ar,0.0135565766798641,0.00387449940337447,0.0295209576926931,3.85148866893741,3.7492840505956,4.00546870314606,3.27364,2.65094,4.834504,1.317874,1.212053,1.37974,1.730058,1.653223,1.806153,131,131,0.1,0.1,NA,NA,NA,1.21633368438727,0.0514681322310291,0.0514681322310291,1.69407755499623,0.239187633162221,0.239187633162221,NA,NA,1.2293946931074,1.69528037304301
HATS-9,1.14,1.07,1.26,1.57,0.06,5656,116,4.12,0.09,0.46,0.03,0.12,1.01,0.08,0,UVES,0.0648300890989311,0.0471036808155905,0.0837314891262153,2.30860069927798,2.20640027800652,2.41437881401002,5.4744,4.624622,7.449785,1.216943,1.137772,1.253167,1.570607,1.505713,1.630296,116,116,0.09,0.09,NA,NA,NA,1.13087780681558,0.044585974287929,0.044585974287929,1.61672701342751,0.206880794352139,0.206880794352139,1,1,1.04083412882085,1.47729353505262
HD149026,1.28,1.16,1.33,1.31,0.05,6128,96,4.24,0.06,0.26,0.04,0.1,1.36,0.05,0,TNG,0.0201791670225311,0.00729957814720584,0.0363636483905673,2.77786418226648,2.6920874667687,2.88725987178521,2.782573,2.02328,3.497567,1.294257,1.254259,1.33056,1.468049,1.41654,1.521993,96,96,0.06,0.06,NA,NA,NA,1.25056980424459,0.0380332700431277,0.0380332700431277,1.41306793508606,0.124069866775633,0.124069866775633,NA,NA,1.1659203990454,1.5645115076496
HD17156,1.22,1.1,1.3,1.15,0.07,5950,115,3.97,0.13,0.22,0.03,0.08,1.13,0.1,0,B21,0.0274176635976367,0.0111312825678562,0.0452187878544183,2.87767171747445,2.77163797426448,3.00105699593129,3.964517,3.256511,4.912346,1.267901,1.21379,1.303182,1.590504,1.520908,1.657596,115,115,0.13,0.13,NA,NA,NA,1.18011872813621,0.0427610781861791,0.0427610781861791,1.98518525953821,0.364376667923153,0.364376667923153,NA,NA,1.14011385616126,1.59961090569359
HD209458,0.92,0.81,1.06,1.38,0.08,5665,118,4.23,0.17,-0.1,0.01,0.17,1.08,0.15,1,B21,0.00458855474955133,0.00109140449699564,0.0128033619711573,1.73728123686795,1.71759653146834,1.77160079706649,10.665818,7.990932,13.053686,0.962458,0.890258,1.040153,1.348827,1.294617,1.405612,118,118,0.17,0.17,NA,NA,NA,1.01163054883338,0.0465852152221703,0.0465852152221703,1.29315728279754,0.314777684389232,0.314777684389232,NA,NA,1.00093632359313,1.27563597025219
HD3167,0.82,0.74,0.94,1.8,0.09,5212,150,4.47,0.11,-0.01,0,0.12,1.09,0.15,1,Ar,0.0632969388563486,0.0437720610410497,0.0819791266374015,0.618687735075269,0.594035384602887,0.64402173412493,NA,NA,NA,0.823332,0.769136,0.887224,0.944994,0.896849,0.993613,150,150,0.11,0.11,NA,NA,NA,0.899750547088459,0.0448916536558362,0.0448916536558362,0.896332147066395,0.139680485549423,0.139680485549423,NA,NA,0.862854561157411,0.886383838127615
HD80606,1,0.91,1.14,1.62,0.07,5464,137,4.39,0.16,0.4,0.02,0.11,0.82,0.15,1,B21,0.0324192750740963,0.0156440246247003,0.0513167483795833,1.03505097600568,0.999363443323954,1.07856315693082,7.380226,3.372206,11.538162,1.028495,0.974875,1.084985,1.115939,1.066271,1.173793,137,137,0.16,0.16,NA,NA,NA,1.05153419740015,0.0504600501889945,0.0504600501889945,1.08886509570084,0.2475834378468,0.2475834378468,1,1,0.915483258298821,0.9974043862726
HD97658,0.73,0.68,0.84,1.85,0.09,5036,129,4.55,0.15,-0.23,0.02,0.1,0.58,0.15,1,B21,0.0130880616200735,0.00337943605996588,0.0309359384755549,0.373351368099905,0.366035322801726,0.387290076858964,NA,NA,NA,0.727489,0.689406,0.773745,0.783301,0.753437,0.8112,129,129,0.15,0.15,NA,NA,NA,0.820925875414834,0.0363744605364714,0.0363744605364714,0.764523990720524,0.16275127218859,0.16275127218859,NA,NA,0.814585045187802,0.810013030500193
K2-100,1.29,1.2,1.34,1.19,0.08,6365,113,4.44,0.1,0.38,0.05,0.14,2.15,0.06,0,B21,0.0622538867203761,0.0416981900707599,0.0831643653762778,1.96438873441606,1.86548903582304,2.07071956748403,0.687971,0.25168,1.507608,1.247879,1.206076,1.285947,1.213521,1.176192,1.251278,113,113,0.1,0.1,NA,NA,NA,1.35856868236246,0.0457365854122652,0.0457365854122652,1.12482348636351,0.159526884151624,0.159526884151624,1,1,1.15234132512575,1.21617761324386
K2-107,1.21,1.12,1.35,1.39,0.06,5970,118,4.06,0.09,0.09,0.04,0.1,1.09,0.09,0,UVES,0.119366555963368,0.101848451525085,0.138399305935539,3.58886602017717,3.42997547979391,3.76556968102164,4.010179,3.389794,5.583632,1.266624,1.171237,1.327859,1.748701,1.677835,1.822192,118,118,0.09,0.09,NA,NA,NA,1.15869911436992,0.0448860915813662,0.0448860915813662,1.73176639993088,0.221181605673543,0.221181605673543,NA,NA,1.19252089256023,1.73695569008873
K2-115,0.9,0.76,1.02,1.58,0.08,5608,150,4.52,0.12,-0.14,0,0.16,1.14,0.15,1,Ar,0.0173564358743338,0.00516904436813122,0.0353030441179909,0.698417181319845,0.677654908146269,0.728083464653353,7.250354,2.510919,13.927869,0.867111,0.799775,0.924877,0.891815,0.854291,0.934877,150,150,0.12,0.12,NA,NA,NA,0.976541851095268,0.0473304287744048,0.0473304287744048,0.861840198949597,0.146618743978491,0.146618743978491,NA,NA,0.912549176978297,0.906705079186466
K2-139,0.85,0.76,0.96,1.86,0.09,5114,150,4.49,0.12,0.19,0,0.12,1.09,0.15,1,Ar,0.0697352248230033,0.0524630803509381,0.0854257390865537,0.553769860838042,0.534889955939935,0.572321926840384,NA,NA,NA,0.857929,0.800911,0.920607,0.934355,0.891667,0.980904,150,150,0.12,0.12,NA,NA,NA,0.900844887675765,0.043547924130798,0.043547924130798,0.886277761480333,0.150373253589006,0.150373253589006,NA,NA,0.848957854806558,0.884656379459725
K2-140,1.03,0.95,1.13,1.55,0.02,5678,39,4.45,0.08,0.2,0.03,0.12,0.71,0.1,0,Ar,0.00360109393679322,0.000934414440441272,0.0085222523918434,0.945043337845589,0.931089505345417,0.960285292998263,3.018145,1.206901,5.376519,1.033031,0.983956,1.075144,1.003243,0.988524,1.018461,39,39,0.08,0.08,NA,NA,NA,1.08164759452066,0.023541380039965,0.023541380039965,1.00024563211527,0.113589956915348,0.113589956915348,NA,NA,0.939465403874483,0.991262457457254
K2-141,0.72,0.64,0.76,2.26,0.09,4472,150,4.63,0.11,0.07,0,0.15,1.09,0.15,1,Ar,0.106746697565027,0.0874607461152314,0.125449283295908,0.217210520313764,0.210209437260886,0.22423164861541,NA,NA,NA,0.714107,0.682008,0.753555,0.723377,0.701949,0.743046,150,150,0.11,0.11,NA,NA,NA,0.725380389237158,0.0390432858837652,0.0390432858837652,0.6691322546346,0.104382377018622,0.104382377018622,1,1,0.753997315560444,0.813669235922581
K2-172,0.82,0.73,0.94,1.73,0.09,5342,150,4.48,0.12,-0.13,0,0.12,1.1,0.15,1,UVES,0.0287418989643011,0.0114875671029548,0.0475450839191918,0.626550535349461,0.604043123218951,0.653659641728659,NA,NA,NA,0.815027,0.756982,0.877612,0.910939,0.866074,0.959108,150,150,0.12,0.12,NA,NA,NA,0.914203307035156,0.0449790182386677,0.0449790182386677,0.883821988512311,0.149643891882964,0.149643891882964,NA,NA,0.875563295437691,0.882395904057846
K2-19,0.89,0.78,0.96,1.72,0.08,5285,82,4.53,0.15,0.09,0.03,0.09,0.62,0.35,0,B21,0.0118674570132486,0.00336425588935577,0.0263811968780063,0.535858261227114,0.523862759681943,0.552309197983986,7.161757,2.84261,12.493866,0.878258,0.833916,0.91851,0.873317,0.849998,0.900287,82,82,0.15,0.15,NA,NA,NA,0.92168644127187,0.0327384762615249,0.0327384762615249,0.844325484915885,0.178804543715918,0.178804543715918,NA,NA,0.86380347267379,0.86599150112497
K2-232,1.02,0.9,1.13,1.44,0.07,5860,130,4.29,0.1,-0.04,0.05,0.11,0.92,0.11,0,Ar,0.0281105611269041,0.0114973837413177,0.0494190431603159,1.73068637834827,1.66663445947724,1.81920705281094,7.146644,4.815137,9.582287,1.028564,0.970377,1.089151,1.259835,1.201677,1.320936,130,130,0.1,0.1,NA,NA,NA,1.09225435073223,0.0490908415651938,0.0490908415651938,1.22801250440462,0.174421111599155,0.174421111599155,NA,NA,1.03327258530952,1.26053665099483
K2-233,0.74,0.68,0.81,2.04,0.01,4818,27,4.6,0.06,-0.05,0.03,0.12,0.5,0.31,0,Ar,0.00307259259041495,0.00077308168696377,0.0079458482928607,0.264410859936424,0.262480366976995,0.267103353255859,13.167693,6.441042,21.070191,0.728978,0.685279,0.770223,0.73563,0.727098,0.744306,27,27,0.06,0.06,NA,NA,NA,0.729611034255765,0.0211345118404005,0.0211345118404005,0.714367843115942,0.0622974355701646,0.0622974355701646,NA,NA,0.784208366771173,0.775549885724735
K2-237,1.33,1.22,1.4,1.14,0.06,6570,140,4.4,0.09,0.23,0.06,0.14,1.79,0.08,0,Ar,0.117443842024595,0.0924237294100419,0.142257886913297,2.42879155971647,2.27468425784347,2.59386568326737,0.735588,0.261043,1.571978,1.27432,1.227017,1.318974,1.263712,1.219331,1.312331,140,140,0.09,0.09,NA,NA,NA,1.39711140578573,0.0540673374188975,0.0540673374188975,1.19218680609943,0.153377720286263,0.153377720286263,NA,NA,1.25247684191015,1.26055428635066
K2-24,1.09,0.99,1.2,1.49,0.08,5678,13,4.33,0.14,0.41,0.02,0.08,0.99,0.06,0,B21,0.0924004662878116,0.0870592734730037,0.0978076494549514,1.20568166251036,1.18743974057387,1.22381706050099,3.615199,2.899851,4.62044,1.114441,1.086977,1.134413,1.130592,1.120458,1.140621,13,13,0.14,0.14,NA,NA,NA,1.12754899768162,0.0156246766648869,0.0156246766648869,1.21001639892772,0.238683637736739,0.238683637736739,1,1,0.959098458362468,1.0879978326843
K2-261,1.09,1.03,1.14,1.64,0.04,5516,79,4.05,0.06,0.32,0.02,0.1,0.95,0.05,0,Ar,0.0283166283232512,0.0133454845881084,0.0442983814402805,2.44037547204533,2.36210693987319,2.52577208671808,7.751201,6.96092,8.547404,1.137253,1.09924,1.169423,1.688808,1.631103,1.747354,79,79,0.06,0.06,NA,NA,NA,1.05188940073992,0.0319365590328352,0.0319365590328352,1.71636475786236,0.14902506980556,0.14902506980556,NA,NA,1.03366828225788,1.55308491586149
K2-280,1.07,1,1.15,1.53,0.04,5708,68,4.27,0.07,0.26,0.02,0.1,0.92,0.02,0,Ar,0.0540037459571121,0.0381711454235987,0.0691345968787039,1.41949307705789,1.36803674718557,1.47008079756435,5.861428,4.17506,7.676383,1.087477,1.041575,1.129101,1.211993,1.176765,1.248462,68,68,0.07,0.07,NA,NA,NA,1.10534822989927,0.0288060478771231,0.0288060478771231,1.29187983867142,0.12919539707531,0.12919539707531,NA,NA,0.985151241867411,1.16235571725736
K2-29,0.88,0.77,0.96,1.6,0.1,5236,30,4.43,0.16,0.13,0.02,0.1,0.91,0.06,0,B21,0.166243182718672,0.156964629020674,0.175371505471224,0.489624867381669,0.479257647205651,0.500256269447028,5.092255,2.092486,8.665141,0.885028,0.84602,0.919932,0.848885,0.83647,0.861672,30,30,0.16,0.16,NA,NA,NA,0.913443708519366,0.0193979852249121,0.0193979852249121,0.966776598153326,0.219292793891125,0.219292793891125,NA,NA,0.858170050371998,0.858783150449308
K2-30,0.93,0.81,1.06,1.57,0.09,5466,129,4.4,0.17,0.16,0.02,0.11,0.68,0.15,1,B21,0.256000253606002,0.235597117100202,0.275261438390525,0.825380765653579,0.789258676445385,0.861165354732555,8.063219,3.476891,13.238813,0.950955,0.892486,1.007697,1.007818,0.965357,1.056857,129,129,0.17,0.17,NA,NA,NA,0.999820510540508,0.047717462181792,0.047717462181792,1.03972267436792,0.252374701575195,0.252374701575195,NA,NA,0.902081578276346,0.943208334053011
K2-32,0.76,0.72,0.9,1.69,0.1,5086,134,4.38,0.16,-0.07,0.02,0.09,0.57,0.15,1,B21,0.174804488345453,0.157600587356839,0.195099880428219,0.474150034840596,0.458461444340026,0.493889084366007,NA,NA,NA,0.777358,0.735694,0.829647,0.865733,0.827687,0.901974,134,134,0.16,0.16,NA,NA,NA,0.85731387730051,0.0388696733870427,0.0388696733870427,0.989624696058442,0.226742320093835,0.226742320093835,NA,NA,0.833730452596326,0.835464710645169
K2-34,1.11,1.02,1.24,1.35,0.07,5967,40,4.17,0.14,0.01,0.02,0.11,1.04,0.04,0,B21,0.00152428297310796,0.000374726125143716,0.00420548819725849,2.43669364853667,2.38795757843015,2.4872707998776,5.521194,4.534261,6.838546,1.129898,1.06812,1.185294,1.454752,1.430619,1.479332,40,40,0.14,0.14,NA,NA,NA,1.14033908557628,0.022319969676573,0.022319969676573,1.47431580705218,0.290086091338661,0.290086091338661,NA,NA,1.10725613620871,1.4488419092693
K2-58,0.81,0.75,0.91,2,0.09,4884,150,4.52,0.11,0.28,0,0.11,1.09,0.15,1,UVES,0.07651732917724,0.060027228653657,0.0909287327530983,0.436718920744414,0.423006350299142,0.450306012284739,NA,NA,NA,0.828297,0.781713,0.886857,0.892448,0.856281,0.927437,150,150,0.11,0.11,NA,NA,NA,0.85555155604094,0.0413571733489817,0.0413571733489817,0.83919514090341,0.130795618729342,0.130795618729342,NA,NA,0.802110807076724,0.841219674727025
KELT-10,1.05,0.94,1.19,1.47,0.08,5768,92,4.32,0.16,0.15,0.03,0.1,0.79,0.12,0,B21,0.0108597701972572,0.00304902766178363,0.0232818161886146,1.43748308655624,1.41002480013905,1.47918418183985,6.071735,3.937785,8.253124,1.061854,1.012038,1.112321,1.193465,1.154493,1.233486,92,92,0.16,0.16,NA,NA,NA,1.10202563323633,0.0362993300321883,0.0362993300321883,1.19795454881521,0.272570925318743,0.272570925318743,NA,NA,0.996435592696879,1.16268077055096
KELT-15,1.35,1.22,1.43,1.1,0.08,6341,45,4.18,0.12,0.27,0.02,0.12,1.54,0.03,0,B21,0.0370311292597429,0.026737147616788,0.0471790636164607,3.01942303371135,2.93967607021636,3.10095833849804,1.644981,1.091637,2.233445,1.342833,1.295712,1.384637,1.433087,1.405617,1.46109,45,45,0.12,0.12,NA,NA,NA,1.32650672083606,0.0244156773847789,0.0244156773847789,1.57216088910532,0.266094091664539,0.266094091664539,NA,NA,1.21520003025823,1.4347277268003
KELT-18,1.45,1.33,1.56,1,0.06,6726,120,4.03,0.08,-0.11,0.05,0.1,1.76,0.07,0,TNG,0.0163982016871637,0.00431797887799779,0.0363350911440523,7.1087104194919,6.87534675131498,7.4890837526913,1.895502,1.665846,2.139056,1.455594,1.405051,1.501117,1.956755,1.875633,2.042058,120,120,0.08,0.08,NA,NA,NA,1.37683536152372,0.0459740233031321,0.0459740233031321,1.91430011017675,0.219194239834558,0.219194239834558,NA,NA,1.46774842655706,1.91187938384128
KELT-4A,1.29,1.12,1.35,1.19,0.06,6316,104,4.05,0.09,-0.18,0.05,0.12,1.6,0.06,0,HARPS,0.0215990506340717,0.007562045769987,0.0406535261145888,4.17372502655154,4.02549785132818,4.3810316158977,3.433281,2.925897,4.667205,1.236894,1.147577,1.296411,1.693872,1.631721,1.757716,104,104,0.09,0.09,NA,NA,NA,1.21947994070468,0.0419806052391567,0.0419806052391567,1.76115950536847,0.224539542415199,0.224539542415199,NA,NA,1.27443585338144,1.67258624940488
KELT-6,1.06,0.96,1.18,1.31,0.07,6038,83,4.03,0.14,-0.36,0.04,0.1,1.27,0.07,0,B21,0.0036039970950065,0.000872957928332288,0.0103798671193333,3.8126849889029,3.76028777699956,3.88247718279866,6.413084,5.786372,6.966715,1.053498,1.015207,1.097511,1.768036,1.718801,1.818832,83,83,0.14,0.14,NA,NA,NA,1.08455798044421,0.0341270909526705,0.0341270909526705,1.71069048489678,0.337556619371032,0.337556619371032,NA,NA,1.21288743393429,1.73366102215431
KELT-8,1.09,0.99,1.19,1.42,0.07,5708,37,4.17,0.14,0.28,0.01,0.1,0.95,0.03,0,B21,0.0182967194622179,0.00947706551601409,0.0272875997458982,1.64427374654844,1.61073548948134,1.6790115842249,6.073015,5.095924,7.625108,1.113719,1.066461,1.15052,1.306758,1.285524,1.328464,37,37,0.14,0.14,NA,NA,NA,1.1095565261596,0.0203121568920384,0.0203121568920384,1.48326970432286,0.292367021164461,0.292367021164461,NA,NA,1.01040245596041,1.26645473741798
Kepler5,1.35,1.14,1.44,1.18,0.07,6374,134,4.12,0.1,-0.02,0.06,0.17,1.9,0.1,0,LBT,0.169937486692953,0.146044591801279,0.19573000995545,4.69499278395357,4.4107738986385,5.01386614747788,2.671792,2.122963,3.484053,1.344364,1.248445,1.417349,1.762788,1.671867,1.856556,134,134,0.1,0.1,NA,NA,NA,1.27449014002693,0.053937752400008,0.053937752400008,1.64826259489502,0.233851038500332,0.233851038500332,NA,NA,1.3145853860223,1.74602456533775
Qatar-8,0.95,0.87,1.05,1.56,0.05,5640,93,4.17,0.08,-0.04,0.04,0.1,0.75,0.04,0,TNG,0.00717634916547453,0.00200645722365301,0.0165295053906552,1.708386089292,1.68080584966761,1.74533755765807,10.854009,9.014364,12.518803,0.965845,0.920913,1.013539,1.35467,1.309753,1.401003,93,93,0.08,0.08,NA,NA,NA,1.01605442799177,0.0370113449004343,0.0370113449004343,1.40960533988882,0.160704845903395,0.160704845903395,NA,NA,0.990010009341653,1.25319954510581
TrES-4,1.47,1.32,1.53,1.18,0.08,6279,68,4.04,0.12,0.28,0.03,0.11,1.55,0.03,0,B21,0.00970274833548375,0.00268386058797656,0.0204867676919751,5.07803742883327,4.95972023414711,5.23194039918822,2.178127,1.931762,2.438748,1.484119,1.442719,1.517654,1.895218,1.84768,1.944225,68,68,0.12,0.12,NA,NA,NA,1.30708147760099,0.0300491781453147,0.0300491781453147,1.89061190884134,0.318220185786626,0.318220185786626,NA,NA,1.31963969287606,1.87259561718891
WASP-1,1.31,1.18,1.38,1.24,0.07,6202,60,4.21,0.12,0.21,0.03,0.11,1.19,0.08,0,B21,0.0349288296331857,0.022612517092201,0.0467072780542538,2.88806672104703,2.79335678839059,2.9840771317398,2.625271,2.019476,3.223619,1.293993,1.250478,1.334489,1.463985,1.427399,1.501551,60,60,0.12,0.12,NA,NA,NA,1.26530955134164,0.0279100430304435,0.0279100430304435,1.47368376749896,0.248896523478075,0.248896523478075,NA,NA,1.18705124540299,1.51911300844656
WASP-100,1.42,1.26,1.51,0.99,0.08,6705,80,4.11,0.13,-0.05,0.03,0.12,1.9,0.04,0,B21,0.0118159547939217,0.00355962261161947,0.0239361701070855,5.54910232688477,5.41694487635949,5.73819181678811,1.881002,1.580798,2.174152,1.408327,1.358675,1.457829,1.737495,1.689965,1.786492,80,80,0.13,0.13,NA,NA,NA,1.38274709934913,0.0340615707759471,0.0340615707759471,1.72871633864988,0.316238004178032,0.316238004178032,NA,NA,1.42085055596077,1.80189031240065
WASP-101,1.26,1.13,1.36,1.22,0.07,6202,81,4.27,0.13,0.22,0.04,0.15,1.28,0.04,0,B21,0.00439227650736316,0.00107657245508137,0.011555229710432,2.60656578704815,2.57818444313056,2.65227413765152,2.433233,1.508535,3.379819,1.272556,1.214168,1.324369,1.391075,1.354518,1.429033,81,81,0.13,0.13,NA,NA,NA,1.26753038985262,0.0364781031884389,0.0364781031884389,1.36077362245724,0.250034024947019,0.250034024947019,NA,NA,1.16892860238478,1.34890885579115
WASP-103,1.4,1.25,1.49,1.2,0.08,6263,71,4.13,0.18,0.29,0.03,0.13,1.68,0.02,0,B21,0.102186384298063,0.0866048439971911,0.117609976309422,3.83999631687365,3.33097094348244,4.39542058189353,2.24573,1.794264,2.701698,1.386295,1.329001,1.438928,1.624362,1.509451,1.748223,71,71,0.18,0.18,NA,NA,NA,1.30386268974742,0.0320488161188196,0.0320488161188196,1.67205803788096,0.431407683393051,0.431407683393051,NA,NA,1.24300916026693,1.62149052531216
WASP-104,0.99,0.86,1.08,1.7,0.08,5362,102,4.49,0.15,0.47,0.02,0.13,0.62,0.28,0,B21,0.0126343786229158,0.00337041342408426,0.0296297253635552,0.636415530027594,0.624208252989897,0.658769059718957,3.80903,1.230267,8.05522,0.985811,0.940341,1.018644,0.939308,0.919846,0.96472,102,102,0.15,0.15,NA,NA,NA,1.03105913617953,0.0401352423824961,0.0401352423824961,0.946565337990763,0.201566105674203,0.201566105674203,1,1,0.878281438645006,0.88523684307126
WASP-106,1.29,1.18,1.35,1.21,0.07,6259,3,4.22,0.11,0.16,0.01,0.07,1.25,0.09,0,B21,0.00356387110066915,0.00115348311553755,0.00686659596815235,2.74499382534981,2.69983517944223,2.79052639283865,2.445103,2.077085,2.810261,1.270264,1.241534,1.29912,1.404114,1.391933,1.416044,3,3,0.11,0.11,NA,NA,NA,1.2741288062041,0.0138690806968277,0.0138690806968277,1.45348484319644,0.224626610057307,0.224626610057307,NA,NA,1.1799555660343,1.40903496171427
WASP-107,0.68,0.61,0.73,2.14,0.08,4411,150,4.59,0.14,-0.09,0,0.13,0.66,0.15,0,B21,0.152446333448205,0.135658585000887,0.167248783388454,0.178215889037132,0.173573935121919,0.182577551367913,NA,NA,NA,0.667913,0.638823,0.699118,0.666517,0.648604,0.68378,150,150,0.14,0.14,NA,NA,NA,0.688744601473433,0.0382969870570271,0.0382969870570271,0.686449287302641,0.136142609167996,0.136142609167996,1,1,0.749643302775609,0.81542790325324
WASP-117,1.02,0.93,1.11,1.37,0.08,5950,80,4.26,0.13,-0.14,0.03,0.09,0.78,0.29,0,B21,0.00538862840211713,0.00133254732333974,0.0132416521261045,1.84925431801724,1.82795916593075,1.8858424507047,7.271336,5.712804,8.859917,1.012164,0.967293,1.057471,1.270973,1.236756,1.306305,80,80,0.13,0.13,NA,NA,NA,1.1017304706085,0.0322617630754661,0.0322617630754661,1.27482595997392,0.233646326557477,0.233646326557477,NA,NA,1.05325879150328,1.26658980227515
WASP-12,1.35,1.2,1.41,1.19,0.08,6197,62,4.09,0.12,0.17,0.02,0.11,1.44,0.03,0,B21,0.0386484899046701,0.0245486751742106,0.0523664060014997,3.57712195307887,3.44870674823675,3.70405663180657,2.862209,2.427736,3.292326,1.334987,1.290287,1.376848,1.632664,1.589426,1.677291,62,62,0.12,0.12,NA,NA,NA,1.25497237531118,0.0277292724920946,0.0277292724920946,1.72573111430094,0.292045030716503,0.292045030716503,NA,NA,1.21212731687091,1.57324370863742
WASP-120,1.45,1.31,1.55,1.05,0.08,6577,132,4.13,0.12,0.17,0.02,0.15,1.97,0.11,0,B21,0.0208987456506157,0.00644362953811545,0.0440843158918283,4.98823438231002,4.8066557551641,5.30515390702288,1.672176,1.181035,2.141166,1.455342,1.393662,1.513188,1.705346,1.627281,1.787614,132,132,0.12,0.12,NA,NA,NA,1.38631524486601,0.0504539604856905,0.0504539604856905,1.70675271217507,0.290820113481291,0.290820113481291,NA,NA,1.36801976189202,1.69331129093205
WASP-123,1.04,0.94,1.15,1.51,0.09,5642,50,4.25,0.15,0.24,0.02,0.11,0.79,0.08,0,B21,0.0153405285972993,0.00598776917301762,0.0266781616923869,1.36774423216655,1.3360121892472,1.40474645164682,7.227321,5.55693,9.057819,1.057386,1.009676,1.102071,1.218367,1.192358,1.244808,50,50,0.15,0.15,NA,NA,NA,1.07805878435892,0.0245552486249504,0.0245552486249504,1.31368283056017,0.278143345149103,0.278143345149103,NA,NA,0.964901944339808,1.11918587761345
WASP-124,1.12,1.02,1.22,1.36,0.04,6016,70,4.38,0.07,0.08,0.02,0.11,0.87,0.13,0,UVES,0.00432592998439555,0.00117101118318438,0.0117690956666431,1.60252496848466,1.57388845223329,1.63754605872886,3.357185,1.805984,5.059896,1.107108,1.056169,1.157398,1.161382,1.133587,1.19044,70,70,0.07,0.07,NA,NA,NA,1.17247792690134,0.0299668708117412,0.0299668708117412,1.12582765486326,0.113077594576507,0.113077594576507,NA,NA,1.05464653938533,1.15361164004972
WASP-126,1.02,0.91,1.15,1.52,0.11,5667,78,4.28,0.16,0.18,0.02,0.11,0.7,0.13,0,B21,0.0146272408784513,0.00522941391618362,0.0270648528247,1.3875948122686,1.35863452171613,1.42739823351913,7.455693,5.365468,9.677253,1.043187,0.99199,1.094653,1.214292,1.179011,1.250612,78,78,0.16,0.16,NA,NA,NA,1.07363239488815,0.0320693564740713,0.0320693564740713,1.253713986626,0.284000001470412,0.284000001470412,NA,NA,0.973466388849839,1.1208995763217
WASP-127,0.89,0.84,0.97,1.51,0.03,5708,50,4.12,0.06,-0.29,0.02,0.1,0.87,0.06,0,HARPS,0.00300595768294757,0.000720897989987418,0.00823123768350588,1.8929204891045,1.87511305957179,1.91703370472958,12.338594,11.162389,13.412658,0.890781,0.85548,0.931312,1.398872,1.373528,1.424726,50,50,0.06,0.06,NA,NA,NA,0.985312231378429,0.0240213132908732,0.0240213132908732,1.46993191568024,0.127617655255431,0.127617655255431,NA,NA,1.02248728503343,1.35433307255776
WASP-129,1.11,1.01,1.22,1.36,0.1,5887,29,4.31,0.14,0.2,0.01,0.09,0.76,0.16,0,B21,0.0169201940515921,0.00932302507410785,0.0243427498680638,1.47275861482361,1.44130965528108,1.50477586401199,3.505294,2.350558,4.817283,1.11672,1.075249,1.156834,1.16236,1.145628,1.179427,29,29,0.14,0.14,NA,NA,NA,1.15410351460645,0.0181305931319453,0.0181305931319453,1.23869338694904,0.243881677314792,0.243881677314792,NA,NA,1.0254955744766,1.17806247271673
WASP-13,1.26,1.12,1.33,1.34,0.08,6025,76,4.15,0.13,0.18,0.03,0.1,1.28,0.05,0,B21,0.0162280571335067,0.00532123300194424,0.0304273528010445,2.90294355590841,2.82538239721859,3.00746163965131,3.759462,3.163104,4.460304,1.262439,1.210794,1.302608,1.55813,1.51187,1.605365,76,76,0.13,0.13,NA,NA,NA,1.19773111743041,0.0317445271633251,0.0317445271633251,1.56079333503714,0.285085163817633,0.285085163817633,NA,NA,1.16891841137515,1.63745132768507
WASP-130,1.05,0.94,1.14,1.52,0.11,5633,18,4.41,0.14,0.32,0.01,0.09,0.96,0.1,0,B21,0.0025838107741107,0.000710586250732981,0.00653220885092283,0.944274912883926,0.935227065003065,0.955232267801972,2.091948,0.908389,3.634046,1.072148,1.035834,1.102569,1.017727,1.009266,1.025956,18,18,0.14,0.14,NA,NA,NA,1.09237110513587,0.0162047082737667,0.0162047082737667,1.06821781466924,0.210659682861043,0.210659682861043,NA,NA,0.930750236527876,0.994363592276844
WASP-131,1.2,1.12,1.32,1.27,0.1,6115,59,4.08,0.13,-0.03,0.03,0.06,1.23,0.02,0,B21,0.0129096342668572,0.00456874132031951,0.0247568249578926,3.22998003538436,3.14456016586103,3.33074844252795,4.112223,3.701603,5.24233,1.212064,1.147063,1.244161,1.597164,1.560554,1.632878,59,59,0.13,0.13,NA,NA,NA,1.18291054674533,0.0250398507117139,0.0250398507117139,1.68319747735887,0.308384063003263,0.308384063003263,NA,NA,1.18969865477741,1.5541976072804
WASP-132,0.73,0.7,0.82,2.14,0.09,4572,150,4.51,0.14,0.25,0,0.1,0.48,0.15,0,B21,0.117155985418479,0.102365384060949,0.133164488529204,0.322340289742974,0.313428854388719,0.331921430483727,NA,NA,NA,0.775641,0.744688,0.822768,0.827649,0.801224,0.84843,150,150,0.14,0.14,NA,NA,NA,0.776019120738438,0.0393051536412745,0.0393051536412745,0.815197270679474,0.161126844612711,0.161126844612711,1,1,0.771440899066471,0.843722605102616
WASP-133,1.1,1.04,1.22,1.54,0.04,5700,72,4.16,0.07,0.28,0.02,0.1,0.93,0.08,0,UVES,0.0424176280859187,0.0277421955363275,0.0568718659284807,2.09596309650333,2.01793585639047,2.17678147708484,6.042062,5.098218,7.795856,1.157938,1.095826,1.206896,1.477714,1.433234,1.522572,72,72,0.07,0.07,NA,NA,NA,1.10671980654277,0.0299613492303553,0.0299613492303553,1.5023685021491,0.150490627281335,0.150490627281335,NA,NA,1.03303201542068,1.42486241087628
WASP-139,0.79,0.74,0.91,1.85,0.1,5013,106,4.46,0.15,0.11,0,0.09,0.6,0.15,1,B21,0.0345380942063588,0.0189856872912968,0.0492914544156568,0.476238671505098,0.462233508429914,0.491045085798274,NA,NA,NA,0.806433,0.765522,0.856336,0.900372,0.865428,0.933312,106,106,0.15,0.15,NA,NA,NA,0.864622480716172,0.0336737101261332,0.0336737101261332,0.902682736779863,0.191755552389625,0.191755552389625,NA,NA,0.82590980324535,0.843501012770415
WASP-140,0.87,0.77,0.94,1.75,0.05,5302,90,4.56,0.09,-0.01,0.04,0.1,0.88,0.08,0,Ar,0.0286317679301576,0.0158164335440121,0.0433875333990753,0.523500790709442,0.509513378985838,0.540654832373562,8.313293,3.364062,14.474371,0.847972,0.799476,0.891878,0.857005,0.831357,0.8862,90,90,0.09,0.09,NA,NA,NA,0.90578324527871,0.0359892154576796,0.0359892154576796,0.801444597637843,0.101845881071095,0.101845881071095,NA,NA,0.863249942541965,0.866585368663095
WASP-141,1.25,1.17,1.33,1.32,0.05,6122,102,4.33,0.07,0.35,0.04,0.11,1.21,0.06,0,UVES,0.030178926575004,0.0142446039031312,0.0480953967139411,2.11001454082713,2.03048171206868,2.20265515747892,1.714252,0.711076,2.87605,1.262135,1.220165,1.298386,1.28885,1.250271,1.334606,102,102,0.07,0.07,NA,NA,NA,1.26829835668178,0.0403584652484285,0.0403584652484285,1.26470876624795,0.127533746347322,0.127533746347322,NA,NA,1.11726816583531,1.28593417798888
WASP-142,1.27,1.1,1.33,1.4,0.06,5930,123,4.13,0.09,0.14,0.05,0.12,0.82,0.09,0,UVES,0.0301529224938794,0.0129199281143389,0.0495119529474475,3.17862095268454,3.04310514285193,3.34046984862188,4.209952,3.493614,6.006766,1.253253,1.152484,1.313288,1.671188,1.598741,1.745389,123,123,0.09,0.09,NA,NA,NA,1.15599658894987,0.0477391730464681,0.0477391730464681,1.57768683383996,0.202100048578421,0.202100048578421,NA,NA,1.15852777579995,1.62939753445311
WASP-147,1.09,1.01,1.2,1.49,0.04,5780,71,4.18,0.08,0.16,0.02,0.1,0.89,0.06,0,UVES,0.00542343534522876,0.00137211059918818,0.0134428011994933,2.18433209071413,2.13363785685783,2.23745474479113,6.245285,5.026143,7.841888,1.131755,1.073036,1.190597,1.465325,1.427607,1.504325,71,71,0.08,0.08,NA,NA,NA,1.10833838917904,0.0297567283979402,0.0297567283979402,1.45312697983975,0.165103254760511,0.165103254760511,NA,NA,1.06040121764449,1.42236900379626
WASP-15,1.25,1.15,1.31,1.15,0.08,6375,60,4.22,0.11,-0.05,0.02,0.07,1.49,0.1,0,B21,0.0123878952686002,0.00401850930375234,0.0233529301156399,3.03521474651216,2.96492609438852,3.12455596536612,2.845058,2.382528,3.275502,1.225969,1.197543,1.254994,1.42098,1.389009,1.453941,60,60,0.11,0.11,NA,NA,NA,1.26841492576502,0.0253319812087011,0.0253319812087011,1.43252357429569,0.221756325223114,0.221756325223114,NA,NA,1.22783812808218,1.4399914813504
WASP-151,1.12,0.99,1.23,1.4,0.08,5891,77,4.32,0.15,0.18,0.01,0.12,0.45,0.17,0,B21,0.027798166836476,0.0109990834821751,0.0474008185324213,1.51489517825889,1.45141347341717,1.58743340796084,3.919092,2.099883,5.896025,1.110143,1.054412,1.16287,1.175776,1.137904,1.215952,77,77,0.15,0.15,NA,NA,NA,1.15119093000163,0.0318113193280556,0.0318113193280556,1.21944800825325,0.260302963425594,0.260302963425594,NA,NA,1.02593226594996,1.18802037005359
WASP-153,1.33,1.17,1.36,1.38,0.08,5929,79,4.12,0.12,0.37,0.02,0.12,1.06,0.07,0,B21,0.024140112187114,0.0103099403663951,0.0398859579532331,2.82938286033806,2.7371211240271,2.93376213975098,3.684905,3.158863,4.279673,1.298132,1.25606,1.326082,1.587494,1.536698,1.639958,79,79,0.12,0.12,NA,NA,NA,1.20564048852737,0.0331608948320089,0.0331608948320089,1.65092527230015,0.279861069905138,0.279861069905138,NA,NA,1.13529940643423,1.58083469995007
WASP-156,0.78,0.75,0.9,1.93,0.09,4848,100,4.49,0.16,0.36,0.01,0.14,0.58,0.15,1,B21,0.0625225942090889,0.0466374550121946,0.0773679447563662,0.405270595922363,0.392936146621234,0.416888602230528,NA,NA,NA,0.819234,0.776394,0.873899,0.879964,0.850224,0.908335,100,100,0.16,0.16,NA,NA,NA,0.856411167405529,0.0323311012987426,0.0323311012987426,0.879468837945543,0.201083345294489,0.201083345294489,NA,NA,0.799837887908049,0.843130736620482
WASP-157,1.08,0.98,1.17,1.5,0.04,5764,81,4.42,0.09,0.25,0.03,0.12,0.83,0.12,0,Ar,0.0131415586962242,0.00412874065373161,0.0253900056337139,1.19984750309056,1.16645911262707,1.23846834973752,3.598139,1.537143,6.050625,1.084003,1.030072,1.131145,1.09715,1.067237,1.129903,81,81,0.09,0.09,NA,NA,NA,1.12237706311863,0.0341272590670721,0.0341272590670721,1.05869885567691,0.134505593964937,0.134505593964937,NA,NA,0.971370440292113,1.07766406558121
WASP-158,1.29,1.15,1.35,1.3,0.05,6148,100,4.16,0.08,0.12,0.04,0.12,1.37,0.06,0,UVES,0.0151923388690121,0.00449687606917416,0.0307337141579357,3.29057130094056,3.16211114720824,3.43647747844138,3.302231,2.661077,4.009509,1.285326,1.226424,1.334454,1.590937,1.52976,1.653878,100,100,0.08,0.08,NA,NA,NA,1.22697248143494,0.040181546841002,0.040181546841002,1.54846386956458,0.17643799507662,0.17643799507662,NA,NA,1.20524645149899,1.57293162267965
WASP-159,1.25,1.17,1.4,1.48,0.06,5800,106,3.92,0.09,0.08,0.04,0.09,1.2,0.09,0,UVES,0.00875105078221705,0.00258022005166616,0.0197067063355147,4.91211914455817,4.798619337637,5.04279729972723,4.454774,4.247429,4.655649,1.272803,1.236099,1.312952,2.160461,2.075071,2.24541,106,106,0.09,0.09,NA,NA,NA,1.09776807534157,0.0406058778745284,0.0406058778745284,2.04983873297552,0.261570087854453,0.261570087854453,NA,NA,1.23832102516376,2.04722330696105
WASP-16,1.02,0.92,1.14,1.49,0.09,5670,31,4.36,0.15,0.17,0.02,0.09,0.71,0.14,0,B21,0.0167484905345313,0.00809694935588041,0.0260606815427307,1.03328745284167,1.00951854087889,1.0588850245504,4.883564,3.071196,6.765418,1.024732,0.984583,1.065636,1.04928,1.032527,1.066391,31,31,0.15,0.15,NA,NA,NA,1.07252744320945,0.0190337485995593,0.0190337485995593,1.12531628246074,0.238362856945249,0.238362856945249,NA,NA,0.944926130641436,1.01052344799423
WASP-160,0.86,0.76,0.96,1.85,0.09,5134,150,4.51,0.11,0.19,0,0.13,1.09,0.15,0,UVES,0.0298734990795146,0.0133980660615652,0.049676609333098,0.696873908156796,0.674256281871025,0.727358607676664,NA,NA,NA,0.864622,0.809163,0.930102,1.028485,0.974368,1.083764,150,150,0.11,0.11,NA,NA,NA,0.911261964710489,0.046768349668459,0.046768349668459,0.864182077829764,0.134174316187194,0.134174316187194,NA,NA,0.862850213417948,0.927797935496242
WASP-165,1.12,1.05,1.25,1.6,0.04,5586,74,4.03,0.08,0.23,0.03,0.11,1.03,0.03,0,UVES,0.0111276341275621,0.0029981380629618,0.0249000474254842,2.63624502531045,2.54687785237983,2.73863922759885,7.368599,6.631975,8.207868,1.138529,1.091151,1.179976,1.712567,1.657721,1.769718,74,74,0.08,0.08,NA,NA,NA,1.05632316392527,0.0315177683122749,0.0315177683122749,1.75723166439059,0.200824100286968,0.200824100286968,NA,NA,1.05816194648952,1.62159727847679
WASP-17,1.36,1.28,1.45,0.95,0.08,6697,42,4.17,0.11,-0.05,0.02,0.08,1.86,0.03,0,B21,0.0743352285084275,0.0644944679025267,0.0837814147111612,4.10942456551832,3.9709882831393,4.24876751762631,1.734681,1.432044,2.027862,1.329441,1.295396,1.362992,1.498639,1.467588,1.530347,42,42,0.11,0.11,NA,NA,NA,1.3799580530887,0.0213108284100509,0.0213108284100509,1.59228526850556,0.246341271950634,0.246341271950634,NA,NA,1.36165290353272,1.51267752139706
WASP-18,1.32,1.21,1.38,1.12,0.08,6452,82,4.37,0.11,0.2,0.04,0.12,1.7,0.05,0,B21,0.0162669912620667,0.00576543353801509,0.0296269912583867,2.49223350108113,2.42875477630288,2.57967211264443,0.821658,0.310114,1.589877,1.281721,1.238762,1.318685,1.274382,1.244241,1.306857,82,82,0.11,0.11,NA,NA,NA,1.349900547904,0.0351497985809041,0.0351497985809041,1.21994322954866,0.189076256713081,0.189076256713081,NA,NA,1.21438076924124,1.29248042777772
WASP-19,1,0.89,1.11,1.5,0.09,5579,24,4.39,0.15,0.21,0.02,0.08,1.28,0.06,0,B21,0.0285143865444744,0.0212121175608156,0.0358629296036815,0.834764275877504,0.819713295861795,0.8500882098399,3.151505,1.490566,5.029753,1.01399,0.979201,1.046731,0.975212,0.963418,0.987259,24,24,0.15,0.15,NA,NA,NA,1.04964438620645,0.0170203648591933,0.0170203648591933,1.07464849644873,0.227927973287055,0.227927973287055,NA,NA,0.916996000737846,0.942747083418297
WASP-2,0.81,0.74,0.93,1.82,0.1,5068,98,4.41,0.16,0.17,0,0.12,0.57,0.15,1,B21,0.0844400635492581,0.0682647706016935,0.100160910208688,0.528398206342858,0.511464717020605,0.546327408802646,NA,NA,NA,0.835542,0.78672,0.8911,0.931828,0.896501,0.967381,98,98,0.16,0.16,NA,NA,NA,0.864151912066119,0.0375901504392139,0.0375901504392139,0.98007111344701,0.223145984371562,0.223145984371562,NA,NA,0.841251021955219,0.877616281497171
WASP-21,0.8,0.72,0.9,1.47,0.08,5564,26,4.12,0.15,-0.39,0.03,0.12,0.37,0.15,1,B21,0.000756398170380884,0.000176095090306305,0.00214636906196214,1.40662599852171,1.38981730030839,1.42412369340796,NA,NA,NA,0.795154,0.758316,0.835261,1.271137,1.257069,1.285294,26,26,0.15,0.15,NA,NA,NA,0.913753320737745,0.0212474312811435,0.0212474312811435,1.42679297021769,0.302731262111401,0.302731262111401,NA,NA,0.957908106387667,1.12501815060717
WASP-22,1.19,1.1,1.27,1.35,0.06,6017,82,4.35,0.12,0.27,0.03,0.09,0.91,0.22,0,B21,0.00746210018817862,0.00200309844495611,0.0185506088434368,1.76862694932248,1.72001800450032,1.8248209631762,2.224497,1.044925,3.494995,1.196647,1.15644,1.233399,1.220078,1.187456,1.256125,82,82,0.12,0.12,NA,NA,NA,1.21446639331124,0.032876800733501,0.032876800733501,1.20345575240256,0.203785115384873,0.203785115384873,NA,NA,1.06914415931888,1.2012143526331
WASP-23,0.74,0.71,0.87,1.88,0.1,4930,150,4.42,0.15,-0.02,0,0.1,0.56,0.15,0,B21,0.0689282484448126,0.0525077075927216,0.0863233982861974,0.464130742232802,0.449137793555765,0.481024060060059,NA,NA,NA,0.770916,0.736319,0.822034,0.884449,0.84586,0.917193,150,150,0.15,0.15,NA,NA,NA,0.82769666795812,0.0416244850417562,0.0416244850417562,0.926923123313293,0.198475312938111,0.198475312938111,NA,NA,0.814591844464015,0.856223182980525
WASP-24,1.25,1.14,1.33,1.23,0.1,6245,43,4.28,0.12,0.12,0.02,0.07,1.18,0.04,0,B21,0.0257634709974303,0.0157972740710683,0.0353103719383507,2.38364719530221,2.31701298860644,2.45328032140011,2.351575,1.747416,2.926829,1.226526,1.196463,1.257571,1.312911,1.287279,1.338976,43,43,0.12,0.12,NA,NA,NA,1.26064184525013,0.0207725473120935,0.0207725473120935,1.33084719908017,0.22373986009239,0.22373986009239,NA,NA,1.15294907032334,1.30229644770977
WASP-25,0.96,0.85,1.05,1.52,0.09,5590,128,4.47,0.15,0.05,0.05,0.09,0.69,0.36,0,B21,0.0321391924650472,0.0162846342835938,0.0510889809494514,0.798130296578977,0.769720674832087,0.831859020716387,5.846684,2.180113,10.651049,0.942707,0.890355,0.988261,0.956084,0.922073,0.997915,128,128,0.15,0.15,NA,NA,NA,1.01844381843924,0.0480237155444799,0.0480237155444799,0.944178387318107,0.201467307075965,0.201467307075965,NA,NA,0.913823336273156,0.938564038272436
WASP-26,1.1,1,1.21,1.41,0.08,5852,68,4.24,0.14,0.15,0.03,0.1,0.95,0.09,0,B21,0.00465963587284581,0.00113352962766611,0.0118425845370815,1.91911474026081,1.88466310487102,1.95790608847851,5.565221,4.446828,7.17509,1.120277,1.067406,1.166922,1.343182,1.31028,1.376052,68,68,0.14,0.14,NA,NA,NA,1.13099412597516,0.0293909076965854,0.0293909076965854,1.35048829878204,0.267111064021072,0.267111064021072,NA,NA,1.04456254067885,1.3192861920561
WASP-28,1,0.9,1.1,1.33,0.08,6012,28,4.36,0.14,-0.21,0.01,0.08,0.88,0.19,0,B21,0.00847138378082745,0.00279910770662817,0.0157969136121873,1.3959186893554,1.3689514457824,1.42781879626519,5.954511,4.654197,7.22245,0.974646,0.939467,1.011479,1.084936,1.069818,1.100292,28,28,0.14,0.14,NA,NA,NA,1.1079203343774,0.0173418095825731,0.0173418095825731,1.1126712597752,0.220401251560127,0.220401251560127,NA,NA,1.03692543759124,1.09986584815589
WASP-29,0.84,0.74,0.89,1.96,0.08,4835,125,4.57,0.14,0.38,0.09,0.15,0.73,0.47,0,B21,0.11345966506384,0.0973599339438125,0.129088852415554,0.352960187814321,0.342498817853988,0.363265311899538,12.558782,4.380699,22.33474,0.824032,0.772862,0.874133,0.834198,0.810576,0.862331,125,125,0.14,0.14,NA,NA,NA,0.854107304326951,0.0378854409526099,0.0378854409526099,0.790212881811249,0.157177245662749,0.157177245662749,1,1,0.790589631034875,0.809748341052312
WASP-3,1.21,1.06,1.33,1.19,0.08,6326,75,4.27,0.15,-0.04,0.04,0.17,1.51,0.1,0,B21,0.0106128040669551,0.00292057777686895,0.0221985603439534,2.71085280561488,2.6562968119098,2.79185235683104,2.974882,1.929167,4.051247,1.1983,1.122812,1.267492,1.364452,1.328678,1.401374,75,75,0.15,0.15,NA,NA,NA,1.2538650747473,0.0363553171238449,0.0363553171238449,1.33281425139053,0.282303275125924,0.282303275125924,NA,NA,1.18865202598525,1.38715343860741
WASP-31,1.19,1.11,1.27,1.15,0.07,6363,40,4.32,0.11,-0.07,0.02,0.06,1.45,0.1,0,B21,0.0163779148237723,0.00763676792542615,0.0254802699042252,2.22036969964902,2.16373025787648,2.27990544954183,2.109343,1.515801,2.693855,1.166087,1.139016,1.193176,1.221043,1.1994,1.243214,40,40,0.11,0.11,NA,NA,NA,1.2599705593705,0.0195844535434621,0.0195844535434621,1.24517137099904,0.193015490334986,0.193015490334986,NA,NA,1.17418180328127,1.26403235558127
WASP-32,1.15,1.03,1.24,1.31,0.09,6113,51,4.39,0.14,0.06,0.02,0.12,0.99,0.1,0,B21,0.00657886464402494,0.001729797901267,0.0146352042350299,1.62283938642253,1.58030734405669,1.6714047011798,2.223857,1.003081,3.70036,1.123066,1.071978,1.169929,1.133385,1.110245,1.157413,51,51,0.14,0.14,NA,NA,NA,1.20162602814177,0.0256750726292629,0.0256750726292629,1.12047906496086,0.222042759044117,0.222042759044117,NA,NA,1.07634546161463,1.14715523402522
WASP-34,0.99,0.89,1.13,1.51,0.11,5660,102,4.37,0.16,0.11,0.04,0.1,0.84,0.09,0,B21,0.0203017751343589,0.00748098730523111,0.0366580861160873,1.11574339298272,1.0839137556301,1.15809235634572,7.024876,3.903306,10.14993,0.998573,0.947092,1.051292,1.090766,1.050455,1.133489,102,102,0.16,0.16,NA,NA,NA,1.05590368197875,0.0398184637127761,0.0398184637127761,1.0993203094304,0.248877907161934,0.248877907161934,NA,NA,0.95592909107588,1.06355561125377
WASP-35,1.02,0.9,1.14,1.35,0.1,5884,71,4.31,0.16,-0.07,0.03,0.11,0.78,0.15,0,B21,0.0107457117074817,0.00337527273991759,0.0212603869450436,1.44701965265411,1.42117136182645,1.48392369350346,6.780156,4.760811,8.801935,1.001378,0.950549,1.052278,1.151292,1.121674,1.181632,71,71,0.16,0.16,NA,NA,NA,1.09409610270677,0.0306678183747027,0.0306678183747027,1.1928646917262,0.270371771929835,0.270371771929835,NA,NA,1.02131488928056,1.16958871183496
WASP-36,0.93,0.82,1.05,1.44,0.1,5790,56,4.45,0.16,-0.18,0.01,0.1,0.69,0.31,0,B21,0.00401433436326777,0.000958884396723745,0.0103475551943324,0.975487704162833,0.962390671973793,0.99320048836846,6.90808,4.290372,9.625668,0.915963,0.870225,0.964091,0.977306,0.957493,0.997635,56,56,0.16,0.16,NA,NA,NA,1.0378205968574,0.0249930277396194,0.0249930277396194,0.963203008699589,0.219005004666385,0.219005004666385,NA,NA,0.96343653123226,0.990140410411885
WASP-37,0.89,0.81,1.08,1.36,0.09,5796,111,4.33,0.18,-0.28,0.01,0.14,1,0.15,1,B21,0.0157640627967602,0.00557414312517238,0.029912301084341,1.12374305961357,1.09332205134119,1.16526105670978,9.925421,6.074589,13.764836,0.882168,0.822875,0.948863,1.041137,1.000422,1.08349,111,111,0.18,0.18,NA,NA,NA,1.01775761675593,0.0430297621688018,0.0430297621688018,1.11826346773389,0.287848541840792,0.287848541840792,NA,NA,0.977015284190608,1.04772966521374
WASP-38,1.31,1.2,1.37,1.16,0.07,6334,16,4.2,0.11,0.12,0.01,0.07,1.43,0.06,0,B21,0.0197779652785916,0.0145780500780555,0.0250949360779892,2.98580731985417,2.93693867720623,3.03530874657854,2.329869,1.990991,2.660785,1.282535,1.253836,1.311537,1.429802,1.416126,1.443781,16,16,0.11,0.11,NA,NA,NA,1.29126407611241,0.0149757826784614,0.0149757826784614,1.49893452080407,0.231198867069351,0.231198867069351,NA,NA,1.21222568855629,1.43341227624093
WASP-39,0.91,0.78,1.03,1.62,0.08,5432,140,4.44,0.17,0.07,0.03,0.12,0.71,0.15,1,B21,0.0669493569528069,0.0466060841872147,0.0873989396571231,0.733660686255502,0.702424729631646,0.767566065442623,9.079385,3.719284,15.393754,0.906212,0.844198,0.965446,0.962855,0.920485,1.012591,140,140,0.17,0.17,NA,NA,NA,0.968372200757585,0.05232335416765,0.05232335416765,0.970188582479368,0.23516444384035,0.23516444384035,NA,NA,0.892153433184371,0.927533496800229
WASP-4,0.87,0.77,0.99,1.69,0.09,5277,130,4.42,0.17,0.05,0.02,0.11,0.69,0.15,1,B21,0.0157039093511593,0.00502632203840511,0.0310782916271486,0.700649624722596,0.684383007115831,0.7248584691322,NA,NA,NA,0.855757,0.801061,0.917189,0.988096,0.942096,1.035773,130,130,0.17,0.17,NA,NA,NA,0.910199915311748,0.0482829382025889,0.0482829382025889,0.974298663353573,0.235850134546913,0.235850134546913,NA,NA,0.876092945306212,0.896161025425353
WASP-41,0.91,0.81,1.01,1.63,0.09,5458,36,4.49,0.15,0.03,0.02,0.07,1.03,0.06,0,B21,0.00767029556584396,0.00242357191932324,0.0149363587431217,0.642543175394453,0.633898896808626,0.653493344004522,5.287767,2.82472,7.925521,0.910479,0.877997,0.942675,0.893518,0.880573,0.906976,36,36,0.15,0.15,NA,NA,NA,0.968540648871809,0.0187703954508923,0.0187703954508923,0.902384513981244,0.191200452439856,0.191200452439856,NA,NA,0.887233943972181,0.894988736698392
WASP-42,0.86,0.79,0.98,1.83,0.11,5031,80,4.48,0.15,0.48,0.01,0.12,0.56,0.15,1,B21,0.089212882524998,0.0742759444677135,0.105025118088988,0.504408201748638,0.48989570250982,0.520292109537542,11.256689,5.139753,17.768,0.890071,0.843499,0.939244,0.919431,0.892234,0.951431,80,80,0.15,0.15,NA,NA,NA,0.918916732172407,0.0325230178468958,0.0325230178468958,0.925263178254222,0.196580355561137,0.196580355561137,1,1,0.835321090779142,0.872089976430786
WASP-43,0.67,0.63,0.74,2.41,0.09,4184,116,4.61,0.14,0.29,0.08,0.22,0.51,0.15,1,B21,0.0144641334122019,0.00309109071598867,0.0399390655921349,0.144536919198324,0.142167535120656,0.149740441301525,NA,NA,NA,0.682229,0.655885,0.712824,0.659437,0.644861,0.670874,116,116,0.14,0.14,NA,NA,NA,0.685280810320422,0.0357080982967497,0.0357080982967497,0.685986747441375,0.1366087090287,0.1366087090287,1,1,0.735929504848152,0.921887001873565
WASP-44,0.96,0.83,1.06,1.67,0.11,5394,24,4.49,0.17,0.24,0.02,0.13,0.64,0.35,0,B21,0.00126680976156382,0.000304075094558116,0.00329170258815241,0.706614849463347,0.695449623207017,0.718238336070172,5.772741,2.972603,9.100864,0.965602,0.911161,1.013695,0.959258,0.948093,0.970573,24,24,0.17,0.17,NA,NA,NA,0.992202966997573,0.0207843188736849,0.0207843188736849,0.921996376305458,0.224266396034396,0.224266396034396,NA,NA,0.879952419043881,0.892574222736817
WASP-45,1.02,0.84,1.04,1.76,0.1,5272,193,4.55,0.14,0.54,0.03,0.14,0.87,0.47,0,B21,0.0458928872627164,0.0304664372513315,0.0615164701978594,0.607689161408511,0.588272419491134,0.628200175809341,6.163161,1.822285,13.833774,0.95768,0.891862,1.003659,0.943054,0.917472,0.987295,193,193,0.14,0.14,NA,NA,NA,0.985412634002232,0.053086476153471,0.053086476153471,0.872706944025322,0.174173605944699,0.174173605944699,1,1,0.869163646947242,0.884733145730046
WASP-47,1.01,0.93,1.17,1.6,0.08,5492,60,4.3,0.16,0.5,0.02,0.12,0.85,0.04,0,B21,0.0112476393758719,0.00350044020354058,0.0213687409232438,1.09870128685487,1.07723654302505,1.12497245286511,7.498004,5.514493,9.45406,1.042562,1.010679,1.072396,1.148269,1.120285,1.176923,60,60,0.16,0.16,NA,NA,NA,1.08259650815721,0.0277298203557752,0.0277298203557752,1.24979984281182,0.283536935436289,0.283536935436289,1,1,0.922159777648285,1.0092733756176
WASP-48,1.38,1.22,1.46,1.18,0.09,6312,105,4.11,0.13,0.18,0.03,0.15,1.56,0.07,0,B21,0.0249207959166944,0.00941455970022798,0.0436858952109523,4.12089556303396,3.97235108336755,4.31608485192187,2.402883,1.880986,2.925672,1.384314,1.32334,1.437428,1.686255,1.621053,1.754711,105,105,0.13,0.13,NA,NA,NA,1.29647954846626,0.0425682488922349,0.0425682488922349,1.70397700446479,0.312420592355414,0.312420592355414,NA,NA,1.26543117529203,1.65134162544177
WASP-49,0.89,0.75,0.99,1.55,0.08,5496,48,4.29,0.18,-0.02,0.03,0.11,0.8,0.15,1,B21,0.00537284130499666,0.0014793721212534,0.0123708607027184,0.89936048843336,0.889021707691304,0.914101470291187,12.143074,9.239605,15.011135,0.889189,0.844046,0.936383,1.041247,1.022034,1.060824,48,48,0.18,0.18,NA,NA,NA,0.970816270179585,0.0246212529285195,0.0246212529285195,1.18088676455607,0.303956676296553,0.303956676296553,NA,NA,0.908033833635927,0.961466750245517
WASP-5,1.05,0.93,1.17,1.49,0.09,5703,80,4.38,0.16,0.23,0.03,0.11,0.92,0.14,0,B21,0.00953173812937417,0.00267005953909204,0.0203459145867897,1.19881604625556,1.17716383939262,1.23008342785057,5.036661,2.686523,7.536714,1.061803,1.010281,1.111328,1.116546,1.085357,1.149567,80,80,0.16,0.16,NA,NA,NA,1.09696674485029,0.0331595108332042,0.0331595108332042,1.10814605438427,0.251576237042338,0.251576237042338,NA,NA,0.962759274500443,1.06909110688087
WASP-50,0.97,0.83,1.04,1.64,0.09,5446,46,4.54,0.15,0.2,0.02,0.1,1,0.12,0,B21,0.005710125168789,0.00166069088275712,0.0131232756417335,0.618626204861052,0.61104533878292,0.629166574703398,2.443482,0.868459,5.041851,0.951493,0.916126,0.978742,0.888783,0.875121,0.903096,46,46,0.15,0.15,NA,NA,NA,1.0015305549473,0.0229100835001685,0.0229100835001685,0.861753870485374,0.182538651414071,0.182538651414071,NA,NA,0.882892104362551,0.8896474027208
WASP-52,0.82,0.76,0.91,1.85,0.1,4921,89,4.49,0.15,0.36,0,0.13,0.82,0.15,1,B21,0.00845450312105603,0.00208690167494276,0.0223779219482296,0.413292242147028,0.407459663897291,0.424519898743929,13.480157,5.906937,21.654227,0.84176,0.792823,0.893765,0.873578,0.848051,0.902212,89,89,0.15,0.15,NA,NA,NA,0.854831819430387,0.0352941457339545,0.0352941457339545,0.885630268910039,0.188763736153056,0.188763736153056,NA,NA,0.807438712726167,0.831368986092196
WASP-54,1.17,1.07,1.32,1.28,0.11,6086,44,4.02,0.15,-0.13,0.02,0.1,1.31,0.04,0,B21,0.00334340938538523,0.000830351742770701,0.00907595420443248,3.81924764136526,3.76654835971473,3.88211610593451,5.130304,3.739159,5.655996,1.160706,1.114391,1.267819,1.747726,1.719603,1.776676,44,44,0.15,0.15,NA,NA,NA,1.15097586075305,0.0227167304198824,0.0227167304198824,1.79753320368805,0.382448516504267,0.382448516504267,NA,NA,1.2198142100807,1.70487937839189
WASP-55,1.06,0.95,1.19,1.37,0.08,5920,49,4.37,0.16,0.04,0.04,0.1,0.95,0.08,0,B21,0.0164750698770499,0.00661587009887443,0.0272807201638807,1.31518569475539,1.28149927691631,1.35341702392,3.79457,2.126192,5.575668,1.053008,1.007312,1.098648,1.08596,1.063576,1.109036,49,49,0.16,0.16,NA,NA,NA,1.13046782388504,0.0249736902955165,0.0249736902955165,1.12106524328846,0.254250031501715,0.254250031501715,NA,NA,1.0162357794193,1.09155325926908
WASP-56,1.1,1,1.21,1.5,0.09,5679,51,4.33,0.14,0.46,0.03,0.12,0.98,0.05,0,B21,0.00692791827247355,0.00183403319493647,0.0155604529955057,1.29676742947015,1.2761597318043,1.32533122905327,4.509031,3.096319,6.0598,1.113946,1.077382,1.143365,1.170757,1.146674,1.195123,51,51,0.14,0.14,NA,NA,NA,1.13890420469078,0.026188136876838,0.026188136876838,1.21925964490775,0.241161919122044,0.241161919122044,1,1,0.971630263061796,1.10410322687743
WASP-58,0.87,0.78,0.99,1.48,0.07,5701,66,4.22,0.16,-0.28,0.03,0.12,0.64,0.28,0,B21,0.00234139837368216,0.000594141198922119,0.00617439163605547,1.48604215573171,1.47164192036616,1.50394302266444,13.249778,11.163516,15.1945,0.868666,0.824302,0.920556,1.241045,1.212131,1.270615,66,66,0.16,0.16,NA,NA,NA,0.984851418883222,0.0299146059322022,0.0299146059322022,1.28535088633252,0.290832802859082,0.290832802859082,NA,NA,0.992476035492584,1.16827723071753
WASP-6,0.76,0.71,0.87,1.73,0.09,5142,116,4.44,0.16,-0.19,0.01,0.09,0.63,0.15,1,B21,0.0161491780880357,0.00578913376983778,0.0310727123730011,0.521803122139786,0.510092424602436,0.538830398750799,NA,NA,NA,0.748829,0.715303,0.79493,0.886659,0.85196,0.917269,116,116,0.16,0.16,NA,NA,NA,0.856302601779292,0.0368051290933587,0.0368051290933587,0.904455220429544,0.206605566033017,0.206605566033017,NA,NA,0.849881707757402,0.876785354380948
WASP-61,1.19,1.04,1.3,1.2,0.09,6267,59,4.27,0.15,-0.06,0.02,0.14,1.48,0.01,0,B21,0.00432746371464218,0.00111068943114619,0.010624025846532,2.64781528887839,2.60976939713884,2.69656582371154,3.472801,2.621187,4.517842,1.176065,1.109277,1.232403,1.375176,1.347161,1.40366,59,59,0.15,0.15,NA,NA,NA,1.22877808176577,0.0288435766054939,0.0288435766054939,1.31942318156575,0.280589120651446,0.280589120651446,NA,NA,1.1748590995704,1.35365557145247
WASP-62,1.29,1.19,1.35,1.18,0.07,6327,51,4.36,0.1,0.25,0.02,0.11,1.43,0.01,0,B21,0.00812263137853369,0.00228770277881735,0.0170116971264172,2.17043404744776,2.13713671097078,2.21794739065231,0.73576,0.281348,1.437393,1.259741,1.222029,1.289583,1.231,1.210886,1.251764,51,51,0.1,0.1,NA,NA,NA,1.31734833418715,0.0250398961962108,0.0250398961962108,1.22710957799856,0.172443740581173,0.172443740581173,NA,NA,1.16370874948615,1.23873378218809
WASP-63,1.17,1.11,1.33,1.5,0.07,5605,71,3.98,0.14,0.31,0.03,0.1,1.1,0.02,0,B21,0.0192202070267296,0.00755416925166226,0.0334467919674757,2.81951869707649,2.74923687654927,2.90821608016765,6.72408,4.833018,7.203491,1.179801,1.145106,1.277786,1.758206,1.708512,1.813045,71,71,0.14,0.14,NA,NA,NA,1.08051233898048,0.0301766716067958,0.0301766716067958,1.90654897329929,0.376922338544755,0.376922338544755,NA,NA,1.07132547785747,1.66140727138939
WASP-66,1.38,1.23,1.47,1,0.07,6641,97,4.09,0.14,-0.09,0.04,0.12,1.98,0.06,0,B21,0.0677879060734963,0.0417503939171801,0.12099481470894,5.2945015055932,4.8774009669812,6.07495477504962,2.09698,1.742569,2.454948,1.367895,1.308297,1.426281,1.710239,1.604117,1.824034,97,97,0.14,0.14,NA,NA,NA,1.35197898199118,0.0395066572035073,0.0395066572035073,1.75461229520799,0.345861465078144,0.345861465078144,NA,NA,1.39704398189886,1.79126664529741
WASP-67,0.88,0.77,0.98,1.76,0.09,5135,76,4.47,0.16,0.28,0.02,0.13,0.45,0.41,0,B21,0.0566311525192683,0.0437435701517847,0.0722232921437856,0.54915318053655,0.534331734969072,0.566828034230241,11.343638,5.743268,17.212677,0.886862,0.835491,0.938126,0.929596,0.902093,0.959557,76,76,0.16,0.16,NA,NA,NA,0.911349184168012,0.0324990613754175,0.0324990613754175,0.925443213388554,0.20990597075093,0.20990597075093,NA,NA,0.850994640344342,0.883686578859891
WASP-68,1.33,1.19,1.37,1.36,0.07,5913,23,4.09,0.11,0.3,0.01,0.07,1.27,0.04,0,B21,0.0402606969670405,0.0332948846708602,0.0475032521838139,2.95849272716642,2.90354336152222,3.01633693011827,3.760238,3.49231,4.061732,1.30372,1.276443,1.32755,1.633409,1.613186,1.65384,23,23,0.11,0.11,NA,NA,NA,1.1848834437467,0.015761099902667,0.015761099902667,1.69874347251413,0.264564998491054,0.264564998491054,NA,NA,1.13739076138725,1.61448759628667
WASP-69,0.75,0.73,0.88,2.1,0.1,4693,150,4.46,0.15,0.38,0,0.09,0.87,0.15,0,B21,0.113563102922623,0.0964569707600979,0.130553360456557,0.417157852838487,0.404019680378722,0.430857730698462,NA,NA,NA,0.817476,0.779703,0.875293,0.8984,0.863083,0.926512,150,150,0.15,0.15,NA,NA,NA,0.824221562792819,0.040592097603816,0.040592097603816,0.902284686651128,0.192804610206981,0.192804610206981,1,1,0.786682292285729,0.869175770162962
WASP-7,1.38,1.27,1.48,1.05,0.07,6539,95,4.25,0.11,0.23,0.04,0.15,2.06,0.06,0,B21,0.0158577371927103,0.00521548005367777,0.0318675412296706,3.59031917572548,3.49278590888195,3.7411862644026,1.23892,0.619362,1.903444,1.387831,1.328468,1.439877,1.469613,1.424841,1.51798,95,95,0.11,0.11,NA,NA,NA,1.38616908469912,0.040440619877934,0.040440619877934,1.45558093237254,0.226337617583383,0.226337617583383,NA,NA,1.31463627041544,1.48169468251031
WASP-71,1.54,1.4,1.6,1.25,0.1,6182,86,3.97,0.11,0.4,0.04,0.13,1.77,0.05,0,B21,0.042409936848123,0.0255644073806582,0.059762597201715,6.04145624332808,5.77810799139901,6.31477470105314,2.152641,1.954298,2.401131,1.556597,1.510066,1.586527,2.133894,2.057771,2.212819,86,86,0.11,0.11,NA,NA,NA,1.29973788052441,0.0365941307658662,0.0365941307658662,2.09126595681585,0.32439594066425,0.32439594066425,1,1,1.33975202486237,2.07649930540854
WASP-72,1.48,1.31,1.54,1.25,0.06,6208,45,3.94,0.12,0.07,0.02,0.11,1.5,0.01,0,B21,0.00987304867202372,0.00325926833711561,0.0190096587134964,6.20604913432931,6.03631731502084,6.3924762887249,2.531192,2.306651,3.443293,1.459764,1.345273,1.511136,2.142703,2.100818,2.185406,45,45,0.12,0.12,NA,NA,NA,1.23685343408265,0.023600353979125,0.023600353979125,2.08810845693083,0.352420497373454,0.352420497373454,NA,NA,1.34748715417285,2.04159736444247
WASP-73,1.49,1.34,1.55,1.29,0.07,6119,44,3.93,0.11,0.21,0.02,0.1,1.49,0.01,0,B21,0.0143973779352555,0.00618466538449328,0.0234161818770069,6.05563854326068,5.92116042315742,6.19547925290362,2.470176,2.271759,3.318849,1.505218,1.421722,1.549108,2.181751,2.143213,2.220846,44,44,0.11,0.11,NA,NA,NA,1.23666688894837,0.0227132603473445,0.0227132603473445,2.13594291292252,0.33015149403395,0.33015149403395,NA,NA,1.3325174097222,2.08367071118242
WASP-74,1.31,1.18,1.37,1.27,0.08,6043,59,4.17,0.11,0.47,0.02,0.09,1.36,0.04,0,B21,0.0564562625511712,0.0424009260147028,0.0693105855915472,2.76905895876603,2.68002689730895,2.85466611445618,2.764278,2.332767,3.179616,1.324593,1.303901,1.342832,1.507876,1.470225,1.546645,59,59,0.11,0.11,NA,NA,NA,1.26694619460737,0.0258995828282468,0.0258995828282468,1.58302709639441,0.244552215929866,0.244552215929866,1,1,1.15838534084936,1.53756079341695
WASP-75,1.18,1.04,1.26,1.35,0.1,5945,109,4.27,0.14,0.19,0.03,0.1,0.94,0.11,0,B21,0.0119715116157192,0.00348191094968037,0.0261348811536449,2.00773627998031,1.95972706906913,2.07615920387094,4.251386,2.840133,5.817893,1.1684,1.111959,1.213745,1.330183,1.277672,1.384264,109,109,0.14,0.14,NA,NA,NA,1.17201913403376,0.0417404278938351,0.0417404278938351,1.31617810846632,0.260340988243074,0.260340988243074,NA,NA,1.06150802382069,1.32388455163251
WASP-76,1.48,1.4,1.54,1.2,0.08,6307,56,4.08,0.11,0.39,0.02,0.09,1.56,0.03,0,B21,0.0245681205043056,0.0129369882023309,0.0364128535830426,4.87238729457384,4.65496738679059,5.09458116150131,1.945661,1.753004,2.152844,1.499755,1.470097,1.524341,1.837424,1.785688,1.890638,56,56,0.11,0.11,NA,NA,NA,1.34072872216034,0.0252197921637528,0.0252197921637528,1.82354995902213,0.282737138220437,0.282737138220437,1,1,1.30457392927899,1.8405922652628
WASP-77A,0.98,0.87,1.11,1.54,0.09,5637,29,4.41,0.16,0.09,0.01,0.1,1.17,0.03,0,B21,0.0378902297596182,0.0294704922880298,0.0458946388587067,0.880913293653814,0.86366392195421,0.898357694160057,4.634493,2.458903,6.877883,0.982749,0.938529,1.025882,0.980728,0.96708,0.994666,29,29,0.16,0.16,NA,NA,NA,1.04358583540862,0.0186652969204137,0.0186652969204137,1.0351230505016,0.235727948005271,0.235727948005271,NA,NA,0.926979134877205,0.977921150559672
WASP-78,1.16,1.07,1.35,1.3,0.08,6043,70,3.88,0.16,-0.29,0.04,0.13,1.34,0.04,0,B21,0.00403252584509675,0.000958435634505172,0.0106140674240969,5.34470399496311,5.21331392429857,5.48808810675474,4.670855,4.318416,5.068648,1.16628,1.113919,1.221909,2.092712,2.038544,2.148388,70,70,0.16,0.16,NA,NA,NA,1.1012516821554,0.0323515011903725,0.0323515011903725,2.11676632768334,0.482431063595476,0.482431063595476,NA,NA,1.2863223763869,1.9993384349091
WASP-79,1.53,1.43,1.62,0.91,0.08,6906,119,4.24,0.1,0.26,0.05,0.15,2.38,0.1,0,B21,0.0345317624166165,0.0152431429806947,0.0538618875444313,5.03168945127589,4.77436274451898,5.30018502392718,0.674597,0.294234,1.122504,1.512672,1.453472,1.56507,1.567336,1.510836,1.629734,119,119,0.1,0.1,NA,NA,NA,1.52010265450292,0.048085065188666,0.048085065188666,1.5470798687237,0.220076540755184,0.220076540755184,NA,NA,1.42283395798176,1.56976947872068
WASP-8,1.07,0.95,1.15,1.56,0.1,5632,25,4.47,0.14,0.38,0.01,0.1,0.89,0.07,0,B21,0.00357758976933539,0.000873752004136337,0.00813124315452308,0.878266316971416,0.871539499336957,0.88847146499628,1.150664,0.442972,2.455762,1.065645,1.035839,1.086093,0.986035,0.976613,0.995498,25,25,0.14,0.14,NA,NA,NA,1.10507973304155,0.017889862850791,0.017889862850791,0.992712366170829,0.196401049110532,0.196401049110532,1,1,0.92584071428752,0.976875331042176
WASP-81,0.83,0.78,0.97,1.42,0.09,5661,38,4.14,0.15,-0.38,0.03,0.1,0.99,0.15,1,B21,0.0047126360315616,0.00122022021360621,0.0108366671933651,1.49068763562733,1.46689417756903,1.51854897865416,NA,NA,NA,0.821801,0.789436,0.856776,1.262982,1.243101,1.283329,38,38,0.15,0.15,NA,NA,NA,0.94947452282402,0.0219006766179316,0.0219006766179316,1.40465225437308,0.298794731189408,0.298794731189408,NA,NA,0.97811643888435,1.14840225775836
WASP-82,1.51,1.36,1.58,1.14,0.07,6363,58,3.96,0.12,0.12,0.02,0.09,1.54,0.03,0,B21,0.0258858651284548,0.0141664933849205,0.0369702638082063,6.58678958157766,6.3874300349075,6.78549458927786,2.11919,1.951579,2.311371,1.511307,1.464724,1.551168,2.105598,2.055838,2.1566,58,58,0.12,0.12,NA,NA,NA,1.30139962084923,0.0257560554591844,0.0257560554591844,2.08277537431863,0.351638928857978,0.351638928857978,NA,NA,1.39430765843028,2.07728549729924
WASP-84,0.83,0.74,0.92,1.84,0.09,5146,150,4.53,0.11,0.04,0,0.1,1.09,0.15,1,Ar,0.0504430090665241,0.0328466562457926,0.0674790370504147,0.511243791014478,0.49327163604627,0.529863573786343,NA,NA,NA,0.822622,0.770102,0.878677,0.887999,0.848071,0.931459,150,150,0.11,0.11,NA,NA,NA,0.887239934082109,0.0424777038445836,0.0424777038445836,0.825878175717312,0.129242674533628,0.129242674533628,NA,NA,0.849695575189378,0.875156644517926
WASP-85,0.91,0.83,0.97,1.6,0.03,5564,52,4.26,0.07,-0.06,0.03,0.1,0.91,0.02,0,Ar,0.0518469267816549,0.0339912456320985,0.0692937556639271,1.10906616719427,1.06662450325859,1.15465472018922,12.541172,10.259057,14.841777,0.899465,0.857017,0.942288,1.125414,1.095613,1.15605,52,52,0.07,0.07,NA,NA,NA,0.985619816389804,0.0249459815304811,0.0249459815304811,1.2332956228543,0.123129036294204,0.123129036294204,NA,NA,0.939883104900326,1.02280271576175
WASP-89,0.76,0.73,0.88,2.02,0.09,4849,150,4.39,0.11,0.06,0,0.13,1.09,0.15,1,Ar,0.0997435361268478,0.081722779925919,0.116314915461657,0.531917823617417,0.512144721637503,0.551528180783139,NA,NA,NA,0.789369,0.75631,0.836482,0.955649,0.915892,0.98987,150,150,0.11,0.11,NA,NA,NA,0.822326097920224,0.0429716349109912,0.0429716349109912,0.967592176646193,0.150158681894773,0.150158681894773,NA,NA,0.814782066500689,0.927786324091246
WASP-90,1.4,1.25,1.46,1.21,0.08,6255,33,4.04,0.13,0.09,0.02,0.11,1.46,0.04,0,B21,0.0189705136894655,0.010942403109226,0.0272027870640876,4.6557257742454,4.47599088827777,4.83597454123876,2.717871,2.441728,3.05225,1.382153,1.325056,1.42904,1.830102,1.790314,1.870948,33,33,0.13,0.13,NA,NA,NA,1.25749092153063,0.021120755601188,0.021120755601188,1.83939652545178,0.336987383728184,0.336987383728184,NA,NA,1.29959401692437,1.80918453596585
WASP-94A,1.44,1.31,1.52,1.01,0.08,6631,109,4.24,0.12,0.35,0.01,0.24,2.24,0.09,0,B21,0.0886376727937541,0.065767194328473,0.109492452135334,3.89488506596389,3.6794554561056,4.10894357026526,0.998091,0.416802,1.728301,1.42423,1.345275,1.482634,1.492049,1.43866,1.551105,109,109,0.12,0.12,NA,NA,NA,1.44459224676174,0.0479169149515711,0.0479169149515711,1.51560756137999,0.257841299070992,0.257841299070992,NA,NA,1.3468301291892,1.49827857146086
WASP-95,1.13,1.01,1.23,1.44,0.08,5845,58,4.33,0.14,0.3,0.02,0.1,1.19,0.04,0,B21,0.0178060777045973,0.00706441165677555,0.0311165598580138,1.56176574278805,1.5218661760619,1.61072964113183,3.639877,2.34394,5.043722,1.149475,1.104159,1.187029,1.212536,1.183674,1.242587,58,58,0.14,0.14,NA,NA,NA,1.16126125078876,0.0260013574144322,0.0260013574144322,1.21629569974077,0.240444958836223,0.240444958836223,NA,NA,1.02534787787248,1.19442446546518
WASP-97,1.04,0.93,1.16,1.54,0.08,5603,51,4.37,0.15,0.35,0.02,0.11,0.67,0.07,0,B21,0.00294592612220763,0.00078078319919137,0.0079381133945262,1.14960341354798,1.14090343923847,1.16236587169206,5.736147,3.954544,7.626883,1.065457,1.0248,1.101492,1.132331,1.111549,1.153399,51,51,0.15,0.15,NA,NA,NA,1.08845087565825,0.0248009029328023,0.0248009029328023,1.12715461088268,0.239860267686282,0.239860267686282,NA,NA,0.946677821352001,1.06391123263048
WASP-99,1.38,1.24,1.43,1.28,0.09,6152,43,4.12,0.11,0.32,0.01,0.11,1.43,0.03,0,B21,0.015573761440229,0.0071857007714557,0.0246806469946951,3.65550337118761,3.57975135498885,3.741614884533,2.612447,2.319476,2.954713,1.385167,1.349016,1.412621,1.675921,1.64635,1.706125,43,43,0.11,0.11,NA,NA,NA,1.27206821254261,0.0225653130751632,0.0225653130751632,1.68069661802131,0.259909551839788,0.259909551839788,NA,NA,1.217615690784,1.64282784163415
Wolf503,0.62,0.59,0.71,2.1,0.09,4690,150,4.56,0.11,-0.58,0,0.17,1.09,0.15,1,TNG,0.107291352108856,0.0895025875165387,0.125961039994384,0.23828946485315,0.230647602147434,0.246480242056808,NA,NA,NA,0.636284,0.608665,0.675909,0.671225,0.647668,0.694247,150,150,0.11,0.11,NA,NA,NA,0.69091792234446,0.0394697965337179,0.0394697965337179,0.691419948416329,0.107366622041225,0.107366622041225,1,1,0.772190520214204,0.790160101404212
XO-2N,0.86,0.81,1.04,1.8,0.08,5094,87,4.36,0.17,0.51,0.01,0.12,0.64,0.15,1,B21,0.00851802006978278,0.00230977886666316,0.0199522611472302,0.725724709718524,0.716170091493976,0.742871024477117,NA,NA,NA,0.892255,0.854877,0.932486,1.075039,1.038872,1.114614,87,87,0.17,0.17,NA,NA,NA,0.947130269946013,0.0346118925714877,0.0346118925714877,1.10068296223358,0.267382920469578,0.267382920469578,1,1,0.858339687719367,0.942758971841378
XO-4,1.24,1.1,1.31,1.19,0.08,6293,83,4.17,0.13,-0.11,0.03,0.11,1.35,0.08,0,B21,0.00963505459149928,0.00257910709185603,0.0224217922264504,3.33274621671993,3.26432154291696,3.44234310304063,3.555615,2.978366,4.592622,1.210156,1.142299,1.257128,1.530759,1.485955,1.576158,83,83,0.13,0.13,NA,NA,NA,1.22689780924466,0.0342230697471951,0.0342230697471951,1.50515818521362,0.275999084040278,0.275999084040278,NA,NA,1.22080075722968,1.49946996155014
XO-5,0.93,0.83,1.01,1.69,0.05,5410,83,4.32,0.09,0.18,0.04,0.12,0.53,0.2,0,TNG,0.0079959629727587,0.00219322380002489,0.0195097173328673,0.971625446707898,0.954353364636432,0.997469864391386,11.680617,8.418982,15.078465,0.944241,0.892653,0.994865,1.113149,1.078341,1.14906,83,83,0.09,0.09,NA,NA,NA,0.984692737199726,0.0349740932190566,0.0349740932190566,1.1536815592779,0.146756218866242,0.146756218866242,NA,NA,0.904319137207017,0.992910939759016
